129876844074916
129876877400916
129876910727000
129876944053125
129876977379125
129877010705125
129877044031166
129877077357208
129877110683250
129877144009291
129877177335375
129877210661375
129877243987458
129877277313583
129877310639500
129877343965708
129877377291458
129877410617625
129877443943750
129877477269666
129877510595875
129877543921833
129877577247833
129877610573791
129877643899958
129877677226041
129877710552041
129877743878041
129877777204041
129877810530083
129877843856250
129877877182416
129877910508416
129877943834291
129877977160458
129878010486541
129878043812458
129878077138625
129878110464625
129878143790583
129878177116625
129878210442750
129878243768916
129878277094833
129878310420875
129878343746958
129878377073041
129878410399041
129878443725208
129878477051083
129878510377083
129878543703125
129878577029208
129878610355291
129878643681500
129878677007375
129878710333458
129878743659500
129878776985541
129878810311625
129878843637458
129878876963666
129878910289750
129878943616041
129878976942083
129879010268125
129879043593875
129879076920000
129879110246000
129879143572125
129879176898041
129879210224041
129879243550083
129879276876291
129879310202208
129879343528375
129879376854375
129879410180416
129879443506416
129879476832625
129879510158708
129879543484666
129879576810625
129879610136583
129879643462791
129879676788833
129879710114916
129879743441000
129879776766833
129879810092958
129879843418958
129879876745166
129879910071125
129879943397041
129879976723250
129880010049208
129880043375375
129880076701500
129880110027541
129880143353250
129880176679416
129880210005583
129880243331583
129880276657666
129880309983666
129880343309625
129880376635708
129880409961750
129880443287875
129880476614000
129880509939833
129880543266000
129880576592125
129880609918041
129880643244250
129880676570083
129880709896208
129880743222250
129880776548250
129880809874333
129880843200416
129880876526375
129880909852500
129880943178666
129880976504583
129881009830708
129881043156666
129881076482666
129881109808708
129881143134750
129881176460916
129881209787000
129881243112833
129881276438750
129881309765166
129881343091125
129881376417041
129881409743166
129881443069208
129881476395208
129881509721375
129881543047500
129881576373500
129881609699375
129881643025541
129881676351625
129881709677625
129881743003750
129881776329708
129881809655833
129881842981875
129881876308041
129881909634041
129881942960041
129881976285916
129882009612041
129882042938083
129882076264125
129882109590291
129882142916166
129882176242375
129882209568416
129882242894458
129882276220625
129882309546666
129882342872541
129882376198583
129882409524666
129882442850750
129882476176875
129882509502750
129882542828791
129882576154875
129882609481083
129882642807083
129882676133000
129882709459000
129882742785041
129882776111166
129882809437333
129882842763333
129882876089291
129882909415333
129882942741416
129882976067500
129883009393500
129883042719625
129883076045583
129883109371541
129883142697708
129883176023791
129883209349833
129883242675875
129883276001875
129883309327875
129883342654041
129883375980041
129883409306125
129883442632125
129883475958125
129883509284250
129883542610291
129883575936333
129883609262416
129883642588375
129883675914375
129883709240500
129883742566541
129883775892708
129883809218500
129883842544666
129883875870625
129883909196791
129883942522791
129883975848833
129884009174958
129884042501000
129884075827125
129884109153291
129884142479291
129884175805041
129884209131083
129884242457375
129884275783458
129884309109416
129884342435375
129884375761416
129884409087458
129884442413583
129884475739666
129884509065750
129884542391541
129884575717708
129884609043791
129884642370083
129884675696083
129884709021833
129884742347958
129884775674041
129884809000041
129884842326208
129884875652250
129884908977958
129884942304125
129884975630250
129885008956375
129885042282500
129885075608333
129885108934416
129885142260625
129885175586541
129885208912583
129885242238875
129885275564791
129885308890791
129885342216916
129885375542875
129885408868958
129885442194875
129885475521125
129885508847125
129885542173166
129885575499291
129885608825333
129885642151291
129885675477208
129885708803333
129885742129458
129885775455458
129885808781500
129885842107500
129885875433666
129885908759625
129885942085666
129885975411750
129886008737750
129886042063833
129886075389916
129886108716000
129886142041958
129886175367916
129886208694125
129886242020083
129886275346208
129886308672208
129886341998375
129886375324208
129886408650416
129886441976333
129886475302375
129886508628625
129886541954583
129886575280583
129886608606750
129886641932708
129886675258833
129886708584958
129886741910916
129886775236791
129886808562958
129886841889041
129886875215125
129886908541125
129886941867125
129886975193250
129887008519291
129887041845458
129887075171541
129887108497333
129887141823333
129887175149500
129887208475583
129887241801708
129887275127500
129887308453625
129887341779708
129887375105708
129887408431958
129887441758041
129887475083833
129887508410000
129887541736000
129887575062166
129887608388250
129887641714041
129887675040166
129887708366208
129887741692291
129887775018375
129887808344541
129887841670375
129887874996500
129887908322541
129887941648583
129887974974666
129888008300666
129888041626666
129888074952833
129888108278750
129888141604916
129888174931041
129888208256958
129888241582958
129888274909208
129888308235250
129888341561291
129888374887250
129888408213291
129888441539333
129888474865333
129888508191458
129888541517458
129888574843458
129888608169583
129888641495666
129888674821708
129888708147833
129888741473750
129888774799875
129888808125958
129888841452083
129888874778083
129888908104083
129888941430166
129888974756166
129889008082041
129889041408250
129889074734375
129889108060333
129889141386375
129889174712333
129889208038541
129889241364458
129889274690666
129889308016625
129889341342708
129889374668625
129889407994750
129889441320791
129889474646750
129889507972958
129889541298916
129889574625041
129889607951083
129889641277166
129889674603166
129889707929166
129889741255166
129889774581208
129889807907375
129889841233291
129889874559375
129889907885541
129889941211500
129889974537625
129890007863625
129890041189583
129890074515791
129890107841875
129890141167833
129890174493875
129890207819833
129890241145916
129890274472041
129890307798125
129890341124250
129890374450291
129890407776125
129890441102375
129890474428416
129890507754500
129890541080458
129890574406500
129890607732541
129890641058541
129890674384708
129890707710750
129890741036875
129890774362625
129890807688833
129890841014958
129890874340916
129890907667125
129890940992875
129890974318958
129891007645166
129891040971208
129891074297333
129891107623416
129891140949208
129891174275208
129891207601541
129891240927416
129891274253708
129891307579541
129891340905708
129891374231750
129891407557791
129891440883958
129891474209958
129891507535916
129891540861916
129891574188041
129891607514125
129891640840333
129891674166208
129891707492125
129891740818375
129891774144375
129891807470250
129891840796458
129891874122458
129891907448375
129891940774541
129891974100625
129892007426750
129892040752708
129892074078625
129892107404708
129892140730916
129892174057041
129892207382958
129892240709000
129892274035083
129892307361125
129892340687208
129892374013250
129892407339083
129892440665250
129892473991333
129892507317333
129892540643541
129892573969541
129892607295458
129892640621625
129892673947583
129892707273666
129892740599833
129892773925833
129892807251791
129892840577916
129892873903916
129892907230000
129892940556083
129892973882083
129893007208041
129893040534125
129893073860250
129893107186458
129893140512250
129893173838291
129893207164500
129893240490500
129893273816583
129893307142708
129893340468541
129893373794666
129893407120875
129893440446833
129893473772833
129893507098791
129893540425000
129893573750958
129893607076958
129893640403125
129893673729083
129893707055166
129893740381166
129893773707166
129893807033291
129893840359333
129893873685416
129893907011375
129893940337500
129893973663541
129894006989708
129894040315750
129894073641583
129894106967666
129894140293708
129894173619958
129894206945958
129894240271833
129894273597916
129894306924000
129894340250208
129894373576166
129894406902333
129894440228208
129894473554375
129894506880333
129894540206458
129894573532583
129894606858416
129894640184458
129894673510666
129894706836625
129894740162708
129894773489000
129894806814750
129894840140875
129894873466958
129894906793000
129894940119083
129894973445000
129895006771041
129895040097125
129895073423208
129895106749208
129895140075333
129895173401291
129895206727375
129895240053416
129895273379583
129895306705583
129895340031541
129895373357625
129895406683583
129895440009791
129895473335791
129895506662000
129895539987791
129895573313958
129895606639916
129895639966125
129895673292125
129895706618083
129895739944083
129895773270208
129895806596208
129895839922333
129895873248500
129895906574416
129895939900458
129895973226458
129896006552541
129896039878791
129896073204666
129896106530708
129896139856833
129896173182833
129896206509000
129896239835000
129896273160875
129896306487000
129896339813166
129896373139208
129896406465291
129896439791166
129896473117291
129896506443291
129896539769333
129896573095458
129896606421583
129896639747416
129896673073666
129896706399625
129896739725750
129896773051708
129896806377791
129896839703750
129896873029833
129896906355958
129896939682041
129896973008083
129897006333958
129897039660125
129897072986291
129897106312250
129897139638416
129897172964333
129897206290333
129897239616458
129897272942500
129897306268500
129897339594625
129897372920583
129897406246708
129897439572708
129897472898875
129897506224916
129897539550875
129897572876833
129897606202958
129897639529041
129897672855166
129897706181083
129897739507208
129897772833250
129897806159250
129897839485291
129897872811458
129897906137416
129897939463458
129897972789583
129898006115625
129898039441666
129898072767666
129898106093666
129898139419708
129898172745875
129898206071875
129898239398041
129898272723791
129898306050041
129898339376000
129898372702166
129898406028208
129898439354291
129898472680208
129898506006250
129898539332291
129898572658208
129898605984583
129898639310333
129898672636375
129898705962500
129898739288625
129898772614666
129898805940833
129898839266833
129898872592666
129898905918875
129898939245000
129898972571000
129899005896958
129899039223125
129899072549125
129899105875166
129899139201333
129899172527375
129899205853250
129899239179291
129899272505458
129899305831541
129899339157541
129899372483541
129899405809541
129899439135666
129899472461750
129899505787833
129899539114000
129899572439916
129899605765958
129899639092125
129899672418125
129899705744125
129899739070083
129899772396208
129899805722208
129899839048250
129899872374458
129899905700458
129899939026583
129899972352500
129900005678666
129900039004708
129900072330541
129900105656666
129900138982750
129900172308875
129900205634916
129900238961000
129900272287000
129900305613000
129900338938958
129900372265041
129900405591291
129900438917208
129900472243166
129900505569291
129900538895250
129900572221500
129900605547416
129900638873583
129900672199583
129900705525541
129900738851708
129900772177708
129900805503791
129900838829875
129900872155708
129900905481916
129900938807916
129900972134083
129901005460000
129901038786041
129901072112083
129901105438208
129901138764291
129901172090375
129901205416250
129901238742333
129901272068458
129901305394583
129901338720583
129901372046791
129901405372541
129901438698750
129901472024750
129901505350916
129901538676916
129901572002791
129901605328916
129901638654958
129901671981041
129901705307250
129901738633208
129901771959125
129901805285208
129901838611375
129901871937458
129901905263375
129901938589291
129901971915500
129902005241583
129902038567666
129902071893791
129902105219833
129902138545791
129902171871833
129902205197875
129902238524000
129902271850083
129902305175916
129902338502041
129902371828041
129902405154166
129902438480166
129902471806333
129902505132333
129902538458333
129902571784458
129902605110541
129902638436666
129902671762458
129902705088583
129902738414666
129902771740625
129902805066833
129902838392916
129902871718750
129902905044916
129902938370916
129902971697083
129903005023125
129903038349000
129903071675291
129903105001416
129903138327500
129903171653416
129903204979583
129903238305416
129903271631458
129903304957500
129903338283750
129903371609583
129903404935708
129903438261666
129903471587833
129903504913916
129903538239875
129903571565958
129903604892000
129903638217916
129903671544000
129903704870208
129903738196208
129903771522208
129903804848208
129903838174250
129903871500416
129903904826583
129903938152708
129903971478500
129904004804500
129904038130625
129904071456708
129904104782833
129904138108666
129904171434791
129904204760791
129904238086916
129904271413083
129904304739041
129904338064958
129904371391041
129904404717166
129904438043291
129904471369291
129904504695250
129904538021250
129904571347500
129904604673416
129904637999666
129904671325750
129904704651708
129904737977625
129904771303708
129904804629708
129904837955833
129904871281875
129904904607791
129904937933875
129904971260125
129905004586083
129905037912166
129905071238041
129905104564125
129905137890250
129905171216291
129905204542375
129905237868375
129905271194541
129905304520583
129905337846541
129905371172666
129905404498833
129905437824583
129905471150708
129905504476791
129905537802916
129905571128958
129905604454833
129905637781041
129905671107000
129905704433041
129905737759208
129905771085416
129905804411166
129905837737250
129905871063416
129905904389416
129905937715666
129905971041500
129906004367666
129906037693791
129906071019833
129906104345791
129906137671875
129906170997791
129906204323875
129906237649833
129906270976041
129906304302250
129906337628083
129906370954250
129906404280166
129906437606208
129906470932416
129906504258458
129906537584375
129906570910416
129906604236541
129906637562625
129906670888708
129906704214541
129906737540750
129906770866750
129906804192791
129906837518916
129906870844875
129906904170833
129906937497000
129906970823000
129907004149166
129907037475208
129907070801166
129907104127166
129907137453291
129907170779333
129907204105416
129907237431583
129907270757416
129907304083500
129907337409583
129907370735666
129907404061833
129907437387625
129907470713750
129907504039875
129907537365916
129907570692041
129907604018083
129907637344083
129907670670000
129907703996208
129907737322208
129907770648416
129907803974208
129907837300291
129907870626416
129907903952500
129907937278500
129907970604583
129908003930583
129908037256750
129908070582833
129908103908916
129908137234833
129908170560791
129908203886958
129908237212833
129908270539083
129908303865125
129908337191208
129908370517000
129908403843083
129908437169208
129908470495375
129908503821458
129908537147250
129908570473416
129908603799458
129908637125458
129908670451708
129908703777750
129908737103750
129908770429833
129908803755958
129908837082000
129908870408000
129908903733916
129908937060083
129908970386208
129909003712208
129909037038250
129909070364250
129909103690208
129909137016375
129909170342375
129909203668500
129909236994500
129909270320500
129909303646583
129909336972541
129909370298750
129909403624750
129909436950833
129909470276750
129909503602916
129909536928916
129909570255125
129909603581041
129909636907041
129909670233125
129909703559208
129909736885166
129909770211291
129909803537416
129909836863250
129909870189458
129909903515500
129909936841541
129909970167666
129910003493625
129910036819583
129910070145833
129910103471833
129910136797875
129910170123875
129910203449833
129910236775875
129910270102083
129910303428125
129910336754208
129910370080125
129910403406083
129910436732208
129910470058333
129910503384458
129910536710500
129910570036458
129910603362583
129910636688666
129910670014791
129910703340833
129910736666708
129910769992750
129910803318750
129910836644833
129910869970958
129910903297166
129910936623083
129910969949125
129911003275166
129911036601333
129911069927250
129911103253125
129911136579208
129911169905500
129911203231458
129911236557583
129911269883583
129911303209625
129911336535625
129911369861708
129911403187833
129911436513958
129911469839875
129911503165791
129911536491875
129911569818000
129911603144041
129911636470041
129911669796041
129911703122208
129911736448208
129911769774375
129911803100500
129911836426250
129911869752333
129911903078583
129911936404541
129911969730625
129912003056833
129912036382750
129912069708791
129912103034833
129912136360875
129912169687000
129912203012875
129912236339000
129912269665000
129912302991083
129912336317208
129912369643208
129912402969041
129912436295250
129912469621416
129912502947541
129912536273541
129912569599541
129912602925541
129912636251583
129912669577708
129912702903750
129912736229833
129912769555750
129912802881875
129912836207958
129912869534166
129912902860208
129912936186000
129912969512000
129913002838083
129913036164125
129913069490375
129913102816375
129913136142291
129913169468416
129913202794458
129913236120458
129913269446708
129913302772458
129913336098583
129913369424625
129913402750791
129913436076791
129913469402916
129913502728916
129913536055041
129913569381041
129913602707291
129913636033208
129913669359083
129913702685125
129913736011333
129913769337375
129913802663541
129913835989541
129913869315500
129913902641541
129913935967583
129913969293708
129914002619708
129914035945625
129914069271750
129914102598000
129914135924000
129914169250125
129914202576083
129914235902000
129914269228083
129914302554208
129914335880125
129914369206166
129914402532291
129914435858375
129914469184458
129914502510500
129914535836500
129914569162708
129914602488625
129914635814666
129914669140583
129914702466833
129914735792875
129914769118833
129914802444875
129914835770875
129914869097000
129914902423125
129914935749250
129914969075083
129915002401166
129915035727166
129915069053333
129915102379416
129915135705375
129915169031416
129915202357458
129915235683500
129915269009666
129915302335791
129915335661666
129915368987666
129915402313791
129915435640041
129915468966083
129915502291833
129915535618041
129915568944125
129915602270166
129915635596208
129915668922333
129915702248333
129915735574250
129915768900375
129915802226416
129915835552541
129915868878500
129915902204583
129915935530541
129915968856750
129916002182750
129916035508833
129916068834833
129916102160958
129916135486958
129916168813041
129916202139083
129916235465000
129916268791125
129916302117125
129916335443375
129916368769416
129916402095500
