130384126109666
130384159435708
130384192761750
130384226087708
130384259413750
130384292739791
130384326065791
130384359391833
130384392718125
130384426044166
130384459370083
130384492696125
130384526022208
130384559348250
130384592674500
130384626000500
130384659326458
130384692652375
130384725978625
130384759304708
130384792630875
130384825956916
130384859282791
130384892609000
130384925935083
130384959261083
130384992587208
130385025913208
130385059239250
130385092565291
130385125891416
130385159217416
130385192543541
130385225869458
130385259195500
130385292521666
130385325847875
130385359173875
130385392499833
130385425825916
130385459152041
130385492478041
130385525804125
130385559130250
130385592456291
130385625782416
130385659108375
130385692434500
130385725760708
130385759086416
130385792412666
130385825738666
130385859064791
130385892390875
130385925716916
130385959042791
130385992369041
130386025695083
130386059021250
130386092347333
130386125673166
130386158999166
130386192325458
130386225651458
130386258977583
130386292303583
130386325629625
130386358955750
130386392281708
130386425607833
130386458934041
130386492259875
130386525586041
130386558911958
130386592238125
130386625564125
130386658890208
130386692216291
130386725542458
130386758868416
130386792194625
130386825520625
130386858846541
130386892172583
130386925498791
130386958824791
130386992150916
130387025476791
130387058802875
130387092129083
130387125455125
130387158781166
130387192107250
130387225433250
130387258759208
130387292085333
130387325411458
130387358737541
130387392063625
130387425389541
130387458715666
130387492041791
130387525367833
130387558694000
130387592019958
130387625345916
130387658672083
130387691998166
130387725324333
130387758650250
130387791976291
130387825302333
130387858628500
130387891954500
130387925280666
130387958606625
130387991932583
130388025258833
130388058584875
130388091911083
130388125236958
130388158562875
130388191889083
130388225215166
130388258541250
130388291867291
130388325193291
130388358519375
130388391845500
130388425171666
130388458497750
130388491823833
130388525149666
130388558475791
130388591801875
130388625128083
130388658454041
130388691780000
130388725106125
130388758432250
130388791758416
130388825084500
130388858410541
130388891736541
130388925062791
130388958388791
130388991714916
130389025040958
130389058366791
130389091693041
130389125019083
130389158345166
130389191671208
130389224997375
130389258323250
130389291649375
130389324975375
130389358301541
130389391627625
130389424953500
130389458279625
130389491605791
130389524931958
130389558257916
130389591583875
130389624910041
130389658236125
130389691562208
130389724888416
130389758214500
130389791540333
130389824866458
130389858192541
130389891518708
130389924844875
130389958170916
130389991496875
130390024823000
130390058149083
130390091475333
130390124801416
130390158127250
130390191453375
130390224779500
130390258105541
130390291431666
130390324757583
130390358083666
130390391409708
130390424735916
130390458062041
130390491388125
130390524713916
130390558040083
130390591366291
130390624692458
130390658018416
130390691344500
130390724670625
130390757996666
130390791322750
130390824648750
130390857974875
130390891300875
130390924626833
130390957953041
130390991279125
130391024605291
130391057931625
130391091257375
130391124583333
130391157909583
130391191235583
130391224561708
130391257887625
130391291213875
130391324539958
130391357866166
130391391192083
130391424518166
130391457844166
130391491170208
130391524496333
130391557822500
130391591148583
130391624474416
130391657800583
130391691126750
130391724452750
130391757778833
130391791104875
130391824430916
130391857757083
130391891083166
130391924409333
130391957735333
130391991061333
130392024387375
130392057713541
130392091039583
130392124365750
130392157691791
130392191017875
130392224343916
130392257670083
130392290996125
130392324322250
130392357648166
130392390974333
130392424300333
130392457626375
130392490952583
130392524278666
130392557604666
130392590930750
130392624256833
130392657582875
130392690909000
130392724234958
130392757561083
130392790887208
130392824213166
130392857539333
130392890865458
130392924191416
130392957517458
130392990843666
130393024169583
130393057495750
130393090821791
130393124147833
130393157473875
130393190800041
130393224126083
130393257452166
130393290778208
130393324104333
130393357430375
130393390756541
130393424082625
130393457408541
130393490734625
130393524060750
130393557386791
130393590713041
130393624039125
130393657365000
130393690691041
130393724017166
130393757343333
130393790669416
130393823995333
130393857321500
130393890647666
130393923973625
130393957299791
130393990625875
130394023951791
130394057277916
130394090604000
130394123930208
130394157256166
130394190582083
130394223908166
130394257234291
130394290560333
130394323886541
130394357212625
130394390538583
130394423864625
130394457190750
130394490516875
130394523842958
130394557168875
130394590494916
130394623821250
130394657147291
130394690473291
130394723799208
130394757125250
130394790451416
130394823777625
130394857103708
130394890429750
130394923755708
130394957081875
130394990408041
130395023734041
130395057060166
130395090386291
130395123712125
130395157038250
130395190364375
130395223690375
130395257016625
130395290342541
130395323668583
130395356994708
130395390320916
130395423646958
130395456973000
130395490298958
130395523625125
130395556951166
130395590277291
130395623603375
130395656929333
130395690255375
130395723581500
130395756907625
130395790233583
130395823559833
130395856885875
130395890211833
130395923537833
130395956864083
130395990190041
130396023516000
130396056842208
130396090168333
130396123494250
130396156820500
130396190146583
130396223472583
130396256798666
130396290124708
130396323450791
130396356776958
130396390102875
130396423428916
130396456754958
130396490081041
130396523407291
130396556733166
130396590059208
130396623385375
130396656711541
130396690037541
130396723363750
130396756689541
130396790015708
130396823341833
130396856667875
130396889994041
130396923320000
130396956646041
130396989972125
130397023298291
130397056624375
130397089950500
130397123276500
130397156602583
130397189928625
130397223254791
130397256580833
130397289906958
130397323232833
130397356559083
130397389885041
130397423211125
130397456537291
130397489863166
130397523189250
130397556515416
130397589841541
130397623167625
130397656493625
130397689819625
130397723145708
130397756471916
130397789798000
130397823124000
130397856449875
130397889775958
130397923102166
130397956428250
130397989754333
130398023080416
130398056406458
130398089732541
130398123058625
130398156384708
130398189710833
130398223036750
130398256362666
130398289688833
130398323014958
130398356341000
130398389667083
130398422993125
130398456319333
130398489645458
130398522971416
130398556297583
130398589623500
130398622949666
130398656275708
130398689601791
130398722927916
130398756254083
130398789580041
130398822905958
130398856232291
130398889558208
130398922884416
130398956210375
130398989536458
130399022862583
130399056188583
130399089514750
130399122840791
130399156166750
130399189492833
130399222818833
130399256145083
130399289471125
130399322797083
130399356123125
130399389449250
130399422775291
130399456101375
130399489427458
130399522753541
130399556079583
130399589405666
130399622731833
130399656057916
130399689383750
130399722710000
130399756036041
130399789362125
130399822688250
130399856014166
130399889340375
130399922666458
130399955992541
130399989318666
130400022644750
130400055970583
130400089296583
130400122622750
130400155949041
130400189275000
130400222601125
130400255927083
130400289253125
130400322579250
130400355905375
130400389231541
130400422557458
130400455883458
130400489209541
130400522535708
130400555861833
130400589187916
130400622513750
130400655839916
130400689166083
130400722492166
130400755818291
130400789144208
130400822470250
130400855796458
130400889122583
130400922448625
130400955774416
130400989100750
130401022426708
130401055752791
130401089079000
130401122405041
130401155730916
130401189057000
130401222383166
130401255709291
130401289035416
130401322361416
130401355687458
130401389013500
130401422339625
130401455665791
130401488991791
130401522317708
130401555643708
130401588969916
130401622295958
130401655621958
130401688948208
130401722274208
130401755600291
130401788926458
130401822252375
130401855578583
130401888904541
130401922230625
130401955556666
130401988882791
130402022208875
130402055535000
130402088860958
130402122187041
130402155513125
130402188839250
130402222165333
130402255491333
130402288817333
130402322143458
130402355469458
130402388795625
130402422121791
130402455447708
130402488773875
130402522099875
130402555425916
130402588752083
130402622078041
130402655404208
130402688730166
130402722056333
130402755382375
130402788708458
130402822034375
130402855360458
130402888686666
130402922012708
130402955338833
130402988664791
130403021990916
130403055317041
130403088642958
130403121969250
130403155295000
130403188621250
130403221947333
130403255273458
130403288599500
130403321925541
130403355251458
130403388577708
130403421903791
130403455229791
130403488556041
130403521881916
130403555207916
130403588534166
130403621860083
130403655186250
130403688512333
130403721838250
130403755164500
130403788490500
130403821816583
130403855142708
130403888468833
130403921794791
130403955120833
130403988446916
130404021773041
130404055099208
130404088425125
130404121751125
130404155077291
130404188403333
130404221729500
130404255055666
130404288381416
130404321707583
130404355033625
130404388359833
130404421685958
130404455011875
130404488337875
130404521664125
130404554990125
130404588316208
130404621642041
130404654968166
130404688294291
130404721620375
130404754946500
130404788272583
130404821598541
130404854924625
130404888250708
130404921576875
130404954902833
130404988228958
130405021554916
130405054881125
130405088207125
130405121533333
130405154859333
130405188185250
130405221511291
130405254837583
130405288163666
130405321489791
130405354815875
130405388141791
130405421467833
130405454794041
130405488120041
130405521446166
130405554772208
130405588098208
130405621424250
130405654750416
130405688076458
130405721402666
130405754728583
130405788054750
130405821380791
130405854706791
130405888032916
130405921358750
130405954685041
130405988011041
130406021337208
130406054663291
130406087989083
130406121315250
130406154641375
130406187967416
130406221293500
130406254619666
130406287945625
130406321271708
130406354597875
130406387924000
130406421250041
130406454576125
130406487902083
130406521227958
130406554554208
130406587880375
130406621206375
130406654532291
130406687858500
130406721184458
130406754510458
130406787836750
130406821162708
130406854488708
130406887814791
130406921140875
130406954467083
130406987793166
130407021119208
130407054445166
130407087771375
130407121097500
130407154423666
130407187749625
130407221075625
130407254401500
130407287727666
130407321053833
130407354379958
130407387705958
130407421032041
130407454358166
130407487684291
130407521010250
130407554336208
130407587662208
130407620988500
130407654314583
130407687640625
130407720966666
130407754292708
130407787618708
130407820944833
130407854270958
130407887597083
130407920923125
130407954249125
130407987575000
130408020901166
130408054227291
130408087553500
130408120879333
130408154205416
130408187531583
130408220857625
130408254183791
130408287509583
130408320835833
130408354161875
130408387487833
130408420814000
130408454140458
130408487466250
130408520792458
130408554118416
130408587444500
130408620770541
130408654096625
130408687422500
130408720748541
130408754074750
130408787400791
130408820727041
130408854052958
130408887378916
130408920705041
130408954031083
130408987357291
130409020683291
130409054009250
130409087335416
130409120661500
130409153987666
130409187313583
130409220639541
130409253965666
130409287291833
130409320617916
130409353943916
130409387270041
130409420596083
130409453922125
130409487248208
130409520574375
130409553900458
130409587226416
130409620552500
130409653878541
130409687204625
130409720530791
130409753856625
130409787182833
130409820508916
130409853835000
130409887161166
130409920487250
130409953813083
130409987139333
130410020465333
130410053791375
130410087117458
130410120443541
130410153769541
130410187095625
130410220421666
130410253747833
130410287073958
130410320399833
130410353726000
130410387052041
130410420378166
130410453704333
130410487030250
130410520356333
130410553682375
130410587008500
130410620334541
130410653660708
130410686986708
130410720312750
130410753638875
130410786964916
130410820291041
130410853617083
130410886943000
130410920269125
130410953595166
130410986921375
130411020247458
130411053573416
130411086899458
130411120225541
130411153551708
130411186877750
130411220203625
130411253529750
130411286855916
130411320181958
130411353508083
130411386834208
130411420159958
130411453486291
130411486812333
130411520138458
130411553464500
130411586790625
130411620116541
130411653442708
130411686768625
130411720094791
130411753420875
130411786746916
130411820072958
130411853399000
130411886725041
130411920051250
130411953377291
130411986703375
130412020029250
130412053355416
130412086681541
130412120007583
130412153333583
130412186659791
130412219985791
130412253311875
130412286637958
130412319964083
130412353289958
130412386616166
130412419942208
130412453268291
130412486594333
130412519920208
130412553246333
130412586572416
130412619898625
130412653224750
130412686550708
130412719876666
130412753202916
130412786528958
130412819855041
130412853181083
130412886507083
130412919833125
130412953159291
130412986485375
130413019811500
130413053137541
130413086463541
130413119789500
130413153115625
130413186441791
130413219767916
130413253093791
130413286419833
130413319746041
130413353072166
130413386398125
130413419724250
130413453050208
130413486376291
130413519702416
130413553028458
130413586354583
130413619680458
130413653006541
130413686332625
130413719658791
130413752984916
130413786310916
130413819636958
130413852963041
130413886289125
130413919615166
130413952941250
130413986267291
130414019593416
130414052919416
130414086245583
130414119571666
130414152897791
130414186223583
130414219549833
130414252875791
130414286202000
130414319528083
130414352854041
130414386180083
130414419506208
130414452832250
130414486158500
130414519484458
130414552810500
130414586136583
130414619462666
130414652788750
130414686114791
130414719440625
130414752766916
130414786093083
130414819419041
130414852745250
130414886071125
130414919397166
130414952723166
130414986049250
130415019375500
130415052701625
130415086027541
130415119353541
130415152679750
130415186005791
130415219331916
130415252658000
130415285983958
130415319310000
130415352636166
130415385962208
130415419288166
130415452614250
130415485940333
130415519266416
130415552592541
130415585918500
130415619244750
130415652570541
130415685896750
130415719222791
130415752548875
130415785874958
130415819201041
130415852527083
130415885853125
130415919179250
130415952505208
130415985831541
130416019157375
130416052483500
130416085809666
130416119135750
130416152461791
130416185787583
130416219113791
130416252439958
130416285765916
130416319092125
130416352418000
130416385744125
130416419070166
130416452396208
130416485722416
130416519048458
130416552374291
130416585700500
130416619026583
130416652352625
130416685678750
130416719004875
130416752330791
130416785656833
130416818983083
130416852309083
130416885635250
130416918961083
130416952287291
130416985613416
130417018939500
130417052265458
130417085591708
130417118917541
130417152243791
130417185569750
130417218896000
130417252221833
130417285547875
130417318874041
130417352200041
130417385526291
130417418852333
130417452178333
130417485504333
130417518830291
130417552156500
130417585482625
130417618808666
130417652134458
130417685460750
130417718786875
130417752112875
130417785439041
130417818764916
130417852090958
130417885417083
130417918743250
130417952069250
130417985395416
130418018721250
130418052047458
130418085373458
130418118699750
130418152025833
130418185351916
130418218677875
130418252003791
130418285329833
130418318656083
130418351982208
130418385308125
130418418634166
130418451960166
130418485286291
130418518612458
130418551938583
130418585264541
130418618590625
130418651916666
130418685242875
130418718569041
130418751894791
130418785220875
130418818546916
130418851873083
130418885199250
130418918525291
130418951851250
130418985177333
130419018503458
130419051829541
130419085155708
130419118481500
130419151807666
130419185133708
130419218459958
130419251785916
130419285112083
130419318437958
130419351764083
130419385090208
130419418416416
130419451742416
130419485068375
130419518394333
130419551720541
130419585046625
130419618372750
130419651698708
130419685024666
130419718350833
130419751676916
130419785002958
130419818329125
130419851655041
130419884981166
130419918307208
130419951633291
130419984959333
130420018285416
130420051611458
130420084937666
130420118263750
130420151589833
130420184915833
130420218241666
130420251567875
130420284894083
130420318220000
130420351546166
130420384872333
130420418198166
130420451524208
130420484850458
130420518176458
130420551502666
130420584828500
130420618154541
130420651480791
130420684806875
130420718132875
130420751458916
130420784784958
130420818111041
130420851437125
130420884763333
130420918089333
130420951415208
130420984741375
130421018067458
130421051393541
130421084719583
130421118045791
130421151371583
130421184697791
130421218023750
130421251350041
130421284675958
130421318002083
130421351328000
130421384654125
130421417980250
130421451306416
130421484632250
130421517958500
130421551284416
130421584610458
130421617936666
130421651262666
130421684588625
130421717914791
130421751240875
130421784567041
130421817893041
130421851219041
130421884544958
130421917871166
130421951197208
130421984523416
130422017849500
130422051175375
130422084501500
130422117827583
130422151153750
130422184479833
130422217805875
130422251131791
130422284457875
130422317784041
130422351110041
130422384436166
130422417762083
130422451088291
130422484414333
130422517740375
130422551066583
130422584392708
130422617718500
130422651044583
130422684370791
130422717696875
130422751022875
130422784348875
130422817674958
130422851001000
130422884327125
130422917653250
130422950979208
130422984305291
130423017631333
130423050957458
130423084283500
130423117609708
130423150935708
130423184261625
130423217587750
130423250913875
130423284239916
130423317566041
130423350892041
130423384218041
130423417544166
130423450870291
130423484196250
130423517522291
130423550848416
130423584174458
130423617500625
130423650826750
130423684152791
130423717478750
130423750804833
130423784131000
130423817456958
130423850783083
130423884109000
130423917435166
130423950761250
130423984087291
130424017413375
130424050739458
130424084065375
130424117391583
130424150717750
130424184043625
130424217369666
130424250695708
130424284021833
130424317347875
130424350674041
130424384000208
130424417326291
130424450652083
130424483978333
130424517304416
130424550630458
130424583956458
130424617282500
130424650608541
130424683934583
130424717260666
130424750586833
130424783912833
130424817238916
130424850565083
130424883891000
130424917217166
130424950543250
130424983869166
130425017195291
130425050521500
130425083847583
130425117173583
130425150499708
130425183825666
130425217151708
130425250477750
130425283803916
130425317130041
130425350455958
130425383782000
130425417108166
130425450434333
130425483760333
130425517086458
130425550412250
130425583738416
130425617064416
130425650390583
130425683716666
130425717042666
130425750368916
130425783694833
130425817020916
130425850347041
130425883673250
130425916999166
130425950325250
130425983651291
130426016977416
130426050303500
130426083629291
130426116955583
130426150281666
130426183607625
130426216933750
130426250259708
130426283585916
130426316911916
130426350238125
130426383564208
130426416890166
130426450216125
130426483542208
130426516868291
130426550194416
130426583520583
130426616846708
130426650172583
130426683498666
130426716824708
130426750150833
130426783477041
130426816802750
130426850128958
130426883455125
130426916781208
130426950107250
130426983433416
130427016759291
130427050085541
130427083411458
130427116737583
130427150063750
130427183389541
130427216715791
130427250041750
130427283367916
130427316694000
130427350020125
130427383346041
130427416672125
130427449998250
130427483324416
130427516650458
130427549976333
130427583302541
130427616628500
130427649954750
130427683280833
130427716606916
130427749932708
130427783258833
130427816584750
130427849911000
130427883237166
130427916563083
130427949889125
130427983215291
130428016541333
130428049867500
130428083193541
130428116519583
130428149845583
130428183171750
130428216497833
130428249823916
130428283149833
130428316476000
130428349801958
130428383128041
130428416454166
130428449780375
130428483106291
130428516432416
130428549758416
130428583084541
130428616410625
130428649736541
130428683062583
130428716388791
130428749714791
130428783041000
130428816366958
130428849693000
130428883019000
130428916345208
130428949671333
130428982997416
130429016323333
130429049649375
130429082975458
130429116301333
130429149627708
130429182953833
130429216279708
130429249605875
130429282931791
130429316258000
130429349584166
130429382910000
130429416236083
130429449562166
130429482888250
130429516214375
130429549540541
130429582866375
130429616192583
130429649518541
130429682844583
130429716170791
130429749496708
130429782822875
130429816148958
130429849475125
130429882801166
130429916127000
130429949453125
130429982779166
130430016105291
130430049431375
130430082757583
130430116083375
130430149409458
130430182735625
130430216061708
130430249387833
130430282713875
130430316039750
130430349365875
130430382691916
130430416018083
130430449344333
130430482670125
130430515996291
130430549322416
130430582648500
130430615974416
130430649300666
130430682626666
130430715952666
130430749278750
130430782604791
130430815931000
130430849256958
130430882582958
130430915908750
130430949235083
130430982561166
130431015887375
130431049213333
130431082539416
130431115865416
130431149191500
130431182517666
130431215843583
130431249169791
130431282495791
130431315821791
130431349148041
130431382474041
130431415800041
130431449126000
130431482452125
130431515778291
130431549104375
130431582430416
130431615756500
130431649082666
130431682408708
130431715734875
130431749060791
130431782386875
130431815712916
130431849038958
130431882365125
130431915691291
130431949017083
130431982343250
130432015669458
130432048995541
130432082321625
130432115647708
130432148973583
130432182299625
130432215625916
130432248951875
130432282277958
130432315604041
130432348930083
130432382256125
130432415582208
130432448908416
130432482234458
130432515560375
130432548886416
130432582212625
130432615538666
130432648864916
130432682190833
130432715516875
130432748843125
130432782169125
130432815495208
130432848821041
130432882147291
130432915473333
130432948799500
130432982125583
130433015451666
130433048777708
130433082103833
130433115429750
130433148755875
130433182082041
130433215408125
130433248734125
130433282060125
130433315386291
130433348712375
130433382038500
130433415364375
130433448690541
130433482016625
130433515342666
130433548668791
130433581994916
130433615320833
130433648646958
130433681973083
130433715299291
130433748625333
130433781951291
130433815277541
130433848603500
130433881929708
130433915255833
130433948581791
130433981907791
130434015233916
130434048559958
130434081886083
130434115212250
130434148538083
130434181864250
130434215190250
130434248516625
130434281842666
130434315168541
130434348494750
130434381820708
130434415146958
130434448472916
130434481799041
130434515125041
130434548451166
130434581777208
130434615103333
130434648429500
130434681755500
130434715081458
130434748407708
130434781733750
130434815059875
130434848385875
130434881711833
130434915037875
130434948364125
130434981690166
130435015016333
130435048342291
130435081668375
130435114994541
130435148320500
130435181646750
130435214972750
130435248298708
130435281624958
130435314951000
130435348277041
130435381603291
130435414929208
130435448255208
130435481581291
130435514907458
130435548233500
130435581559750
130435614885708
130435648211750
130435681537666
130435714863958
130435748189875
130435781515875
130435814842000
130435848168208
130435881494291
130435914820333
130435948146416
130435981472541
130436014798500
130436048124625
130436081450833
130436114776833
130436148102916
130436181429000
130436214755041
130436248081083
130436281407250
130436314733291
130436348059291
130436381385291
130436414711375
130436448037541
130436481363541
130436514689708
130436548015666
130436581341875
130436614667916
130436647994083
130436681320208
130436714646166
130436747972250
130436781298375
130436814624416
130436847950541
130436881276625
130436914602541
130436947928750
130436981254750
130437014580833
130437047906916
130437081232833
130437114558958
130437147885166
130437181211333
130437214537333
130437247863416
130437281189375
130437314515458
130437347841666
130437381167875
130437414493750
130437447819708
130437481145791
130437514472041
130437547798125
130437581124166
130437614450333
130437647776333
130437681102375
130437714428416
130437747754500
130437781080708
130437814406583
130437847732666
130437881058875
130437914385000
130437947710958
130437981036916
130438014363083
130438047689166
130438081015250
130438114341291
130438147667458
130438180993333
130438214319458
130438247645500
130438280971666
130438314297833
130438347623958
130438380949875
130438414275916
130438447601958
130438480928083
130438514254333
130438547580166
130438580906333
130438614232500
130438647558541
130438680884625
130438714210750
130438747536666
130438780862750
130438814188916
130438847515083
130438880841083
130438914166958
130438947493000
130438980819166
130439014145500
130439047471416
130439080797500
130439114123416
130439147449583
130439180775666
130439214101708
130439247427833
130439280753958
130439314080000
130439347406000
130439380732125
130439414058375
130439447384291
130439480710333
130439514036458
130439547362500
130439580688666
130439614014666
130439647340666
130439680666750
130439713992791
130439747318916
130439780644958
130439813971250
130439847297000
130439880623166
130439913949333
130439947275250
130439980601458
130440013927416
130440047253541
130440080579708
130440113905791
130440147231958
130440180558083
130440213883958
130440247210083
130440280536041
130440313862291
130440347188416
130440380514375
130440413840208
130440447166416
130440480492625
130440513818541
130440547144708
130440580470708
130440613796791
130440647122791
130440680449000
130440713775041
130440747101041
130440780427083
130440813753291
130440847079458
130440880405583
130440913731500
