130794469987333
130794503313208
130794536639125
130794569965250
130794603291291
130794636617416
130794669943583
130794703269416
130794736595541
130794769921583
130794803247750
130794836573791
130794869899625
130794903225916
130794936551916
130794969878125
130795003204083
130795036530375
130795069856125
130795103182291
130795136508375
130795169834416
130795203160458
130795236486500
130795269812666
130795303138833
130795336464833
130795369790916
130795403116958
130795436442958
130795469769000
130795503095125
130795536421250
130795569747333
130795603073083
130795636399375
130795669725500
130795703051500
130795736377666
130795769703666
130795803029750
130795836355708
130795869681833
130795903007875
130795936334041
130795969660166
130796002986083
130796036312250
130796069638208
130796102964416
130796136290500
130796169616416
130796202942500
130796236268583
130796269594625
130796302920625
130796336246791
130796369572750
130796402898958
130796436225000
130796469551041
130796502877208
130796536203041
130796569529250
130796602855250
130796636181333
130796669507416
130796702833500
130796736159583
130796769485625
130796802811666
130796836137875
130796869463708
130796902789791
130796936116000
130796969442000
130797002768166
130797036094375
130797069420291
130797102746291
130797136072458
130797169398583
130797202724625
130797236050708
130797269376541
130797302702666
130797336028750
130797369354916
130797402680958
130797436007041
130797469333166
130797502659083
130797535985333
130797569311416
130797602637125
130797635963458
130797669289416
130797702615583
130797735941583
130797769267875
130797802593666
130797835919750
130797869245875
130797902571958
130797935898125
130797969224166
130798002550041
130798035876208
130798069202250
130798102528291
130798135854541
130798169180500
130798202506416
130798235832791
130798269158750
130798302484833
130798335810833
130798369136833
130798402462958
130798435788916
130798469115083
130798502441208
130798535767250
130798569093333
130798602419333
130798635745458
130798669071458
130798702397750
130798735723666
130798769049541
130798802375875
130798835702000
130798869027916
130798902353958
130798935680041
130798969006125
130799002332208
130799035658208
130799068984208
130799102310333
130799135636416
130799168962541
130799202288583
130799235614708
130799268940583
130799302266750
130799335592916
130799368918958
130799402245041
130799435570958
130799468897000
130799502223083
130799535549208
130799568875458
130799602201500
130799635527375
130799668853541
130799702179541
130799735505666
130799768831750
130799802157958
130799835483833
130799868809958
130799902136083
130799935462166
130799968788208
130800002114083
130800035440291
130800068766333
130800102092458
130800135418500
130800168744625
130800202070666
130800235396666
130800268722708
130800302048958
130800335375000
130800368700791
130800402027000
130800435353125
130800468679125
130800502005166
130800535331166
130800568657291
130800601983291
130800635309416
130800668635541
130800701961666
130800735287625
130800768613750
130800801939833
130800835266000
130800868592041
130800901917958
130800935243958
130800968570041
130801001896208
130801035222416
130801068548333
130801101874333
130801135200625
130801168526625
130801201852666
130801235178833
130801268504875
130801301830833
130801335156833
130801368483083
130801401809166
130801435135208
130801468461208
130801501787250
130801535113291
130801568439375
130801601765625
130801635091708
130801668417458
130801701743625
130801735069750
130801768395958
130801801722000
130801835047916
130801868373958
130801901700083
130801935026250
130801968352208
130802001678375
130802035004333
130802068330416
130802101656541
130802134982708
130802168308708
130802201634666
130802234960833
130802268286791
130802301612958
130802334939125
130802368265208
130802401591125
130802434917166
130802468243208
130802501569333
130802534895583
130802568221375
130802601547500
130802634873500
130802668199750
130802701525791
130802734851875
130802768177875
130802801503833
130802834830083
130802868156000
130802901482125
130802934808125
130802968134291
130803001460291
130803034786375
130803068112583
130803101438625
130803134764541
130803168090666
130803201416708
130803234742916
130803268069041
130803301394916
130803334720958
130803368047041
130803401373083
130803434699333
130803468025208
130803501351250
130803534677458
130803568003416
130803601329583
130803634655791
130803667981625
130803701307791
130803734633875
130803767959958
130803801285916
130803834612083
130803867938125
130803901264166
130803934590291
130803967916416
130804001242500
130804034568458
130804067894375
130804101220583
130804134546666
130804167872833
130804201198750
130804234524791
130804267850833
130804301176958
130804334503041
130804367829125
130804401155083
130804434481250
130804467807375
130804501133500
130804534459583
130804567785625
130804601111625
130804634437666
130804667763916
130804701089750
130804734415958
130804767741916
130804801068000
130804834394083
130804867720166
130804901046208
130804934372458
130804967698291
130805001024416
130805034350500
130805067676625
130805101002833
130805134328625
130805167654708
130805200980916
130805234306958
130805267633000
130805300959125
130805334285041
130805367611250
130805400937291
130805434263375
130805467589500
130805500915125
130805534241500
130805567567541
130805600893708
130805634219791
130805667545750
130805700871750
130805734197875
130805767524041
130805800850208
130805834176166
130805867502041
130805900828250
130805934154291
130805967480500
130806000806666
130806034132583
130806067458583
130806100784750
130806134110875
130806167436875
130806200762958
130806234088875
130806267414916
130806300741125
130806334067166
130806367393333
130806400719291
130806434045291
130806467371416
130806500697416
130806534023541
130806567349750
130806600675541
130806634001833
130806667327875
130806700654000
130806733980083
130806767306166
130806800632083
130806833958291
130806867284333
130806900610375
130806933936500
130806967262500
130807000588666
130807033914750
130807067240833
130807100566833
130807133892750
130807167218833
130807200545000
130807233871041
130807267197166
130807300523208
130807333849250
130807367175291
130807400501291
130807433827458
130807467153500
130807500479708
130807533805750
130807567131708
130807600457958
130807633783958
130807667110083
130807700435958
130807733762041
130807767088166
130807800414250
130807833740458
130807867066375
130807900392416
130807933718416
130807967044583
130808000370625
130808033696916
130808067022625
130808100348833
130808133674833
130808167001000
130808200327125
130808233653291
130808266979083
130808300305291
130808333631458
130808366957333
130808400283500
130808433609500
130808466935666
130808500261791
130808533587750
130808566913875
130808600239958
130808633566000
130808666892083
130808700218208
130808733544208
130808766870375
130808800196208
130808833522333
130808866848458
130808900174625
130808933500708
130808966826791
130809000152708
130809033478708
130809066804875
130809100131000
130809133457125
130809166782958
130809200109083
130809233435208
130809266761375
130809300087416
130809333413333
130809366739333
130809400065541
130809433391666
130809466717708
130809500043833
130809533369750
130809566695791
130809600022041
130809633348125
130809666674208
130809700000333
130809733326250
130809766652208
130809799978375
130809833304541
130809866630666
130809899956583
130809933282708
130809966608666
130809999934791
130810033260875
130810066587041
130810099913083
130810133239083
130810166565166
130810199891250
130810233217375
130810266543291
130810299869375
130810333195583
130810366521666
130810399847666
130810433173750
130810466499791
130810499825875
130810533151916
130810566477958
130810599804166
130810633130083
130810666456166
130810699782208
130810733108291
130810766434541
130810799760333
130810833086541
130810866412666
130810899738750
130810933064875
130810966390875
130810999716750
130811033043000
130811066369041
130811099695125
130811133021375
130811166347375
130811199673250
130811232999375
130811266325458
130811299651541
130811332977625
130811366303708
130811399629708
130811432955916
130811466281833
130811499608041
130811532934000
130811566260000
130811599586125
130811632912291
130811666238416
130811699564375
130811732890458
130811766216416
130811799542416
130811832868666
130811866194750
130811899520833
130811932846708
130811966172875
130811999498916
130812032825083
130812066151166
130812099477166
130812132803166
130812166129291
130812199455500
130812232781625
130812266107500
130812299433541
130812332759708
130812366085791
130812399411875
130812432738083
130812466063916
130812499390000
130812532716125
130812566042291
130812599368166
130812632694416
130812666020416
130812699346458
130812732672583
130812765998708
130812799324750
130812832650750
130812865976791
130812899302833
130812932628875
130812965955125
130812999281250
130813032607208
130813065933333
130813099259250
130813132585333
130813165911458
130813199237500
130813232563458
130813265889625
130813299215750
130813332541750
130813365867916
130813399193791
130813432520000
130813465846041
130813499172208
130813532498250
130813565824291
130813599150333
130813632476458
130813665802625
130813699128541
130813732454458
130813765780541
130813799106708
130813832432750
130813865758875
130813899085041
130813932410916
130813965737166
130813999063125
130814032389250
130814065715416
130814099041333
130814132367458
130814165693458
130814199019583
130814232345708
130814265671791
130814298997666
130814332323708
130814365649916
130814398976125
130814432302166
130814465628125
130814498954083
130814532280250
130814565606333
130814598932458
130814632258500
130814665584500
130814698910625
130814732236708
130814765562791
130814798888875
130814832215041
130814865540916
130814898866916
130814932193166
130814965519250
130814998845208
130815032171291
130815065497458
130815098823541
130815132149625
130815165475666
130815198801833
130815232127625
130815265453708
130815298779875
130815332105875
130815365432125
130815398758000
130815432084125
130815465410166
130815498736375
130815532062333
130815565388500
130815598714541
130815632040500
130815665366583
130815698692750
130815732018791
130815765344666
130815798670833
130815831997041
130815865323166
130815898649291
130815931975250
130815965301333
130815998627416
130816031953416
130816065279666
130816098605666
130816131931500
130816165257541
130816198583708
130816231909875
130816265235958
130816298562125
130816331888000
130816365214083
130816398540208
130816431866458
130816465192458
130816498518291
130816531844500
130816565170458
130816598496625
130816631822583
130816665148875
130816698474708
130816731800875
130816765126875
130816798453041
130816831779125
130816865105125
130816898431208
130816931757208
130816965083250
130816998409416
130817031735500
130817065061541
130817098387583
130817131713666
130817165039791
130817198366000
130817231691833
130817265017875
130817298343875
130817331670166
130817364996208
130817398322291
130817431648291
130817464974333
130817498300458
130817531626666
130817564952708
130817598278666
130817631604666
130817664930708
130817698257041
130817731583083
130817764909041
130817798235000
130817831561125
130817864887250
130817898213333
130817931539458
130817964865458
130817998191333
130818031517625
130818064843625
130818098169791
130818131495958
130818164821833
130818198148000
130818231474041
130818264800083
130818298126250
130818331452166
130818364778291
130818398104416
130818431430500
130818464756666
130818498082500
130818531408625
130818564734625
130818598060791
130818631387000
130818664713041
130818698039000
130818731365041
130818764691166
130818798017416
130818831343541
130818864669458
130818897995583
130818931321458
130818964647625
130818997973833
130819031299916
130819064625916
130819097951958
130819131278041
130819164604166
130819197930250
130819231256333
130819264582250
130819297908416
130819331234500
130819364560666
130819397887000
130819431212791
130819464538916
130819497865125
130819531191125
130819564517208
130819597843291
130819631169125
130819664495250
130819697821458
130819731147541
130819764473750
130819797799583
130819831125583
130819864451708
130819897777916
130819931103875
130819964430208
130819997756041
130820031082083
130820064408250
130820097734375
130820131060333
130820164386416
130820197712541
130820231038750
130820264364833
130820297690833
130820331017000
130820364342958
130820397669041
130820430995208
130820464321166
130820497647333
130820530973291
130820564299375
130820597625541
130820630951583
130820664277750
130820697603541
130820730929750
130820764255875
130820797581958
130820830908208
130820864234291
130820897560291
130820930886250
130820964212500
130820997538416
130821030864625
130821064190666
130821097516750
130821130842833
130821164168916
130821197495000
130821230821208
130821264147125
130821297473166
130821330799416
130821364125375
130821397451458
130821430777625
130821464103583
130821497429708
130821530755833
130821564082000
130821597408125
130821630734083
130821664060041
130821697386166
130821730712375
130821764038541
130821797364541
130821830690625
130821864016625
130821897342625
130821930668750
130821963994958
130821997320958
130822030647000
130822063973125
130822097299250
130822130625250
130822163951333
130822197277333
130822230603416
130822263929666
130822297255708
130822330581791
130822363907791
130822397233875
130822430559916
130822463886083
130822497212250
130822530538416
130822563864250
130822597190416
130822630516416
130822663842625
130822697168625
130822730494708
130822763820791
130822797146916
130822830472875
130822863799125
130822897125166
130822930451166
130822963777333
130822997103416
130823030429500
130823063755625
130823097081541
130823130407666
130823163733750
130823197059916
130823230385958
130823263712041
130823297038041
130823330364208
130823363690250
130823397016291
130823430342583
130823463668375
130823496994500
130823530320666
130823563646708
130823596972875
130823630298875
130823663624916
130823696950916
130823730277208
130823763603291
130823796929375
130823830255250
130823863581416
130823896907500
130823930233750
130823963559875
130823996885833
130824030211750
130824063538000
130824096864000
130824130190125
130824163516166
130824196842125
130824230168250
130824263494291
130824296820416
130824330146541
130824363472708
130824396798708
130824430124791
130824463450916
130824496777041
130824530103166
130824563429041
130824596755166
130824630081333
130824663407375
130824696733541
130824730059541
130824763385541
130824796711583
130824830037791
130824863363875
130824896689958
130824930015916
130824963341958
130824996668208
130825029994250
130825063320375
130825096646416
130825129972416
130825163298541
130825196624750
130825229950791
130825263276833
130825296602875
130825329928791
130825363254958
130825396581000
130825429907083
130825463233125
130825496559208
130825529885416
130825563211416
130825596537583
130825629863750
130825663189541
130825696515750
130825729841833
130825763167916
130825796494000
130825829819958
130825863146125
130825896472083
130825929798291
130825963124500
130825996450583
130826029776541
130826063102666
130826096428750
130826129754791
130826163080916
130826196406958
130826229732875
130826263059041
130826296385083
130826329711333
130826363037375
130826396363333
130826429689541
130826463015666
130826496341625
130826529667791
130826562993875
130826596319791
130826629646000
130826662972041
130826696298083
130826729624208
130826762950250
130826796276208
130826829602375
130826862928416
130826896254666
130826929580791
130826962906666
130826996232791
130827029558916
130827062884958
130827096211125
130827129537083
130827162863208
130827196189208
130827229515375
130827262841500
130827296167458
130827329493625
130827362819625
130827396145750
130827429471875
130827462797958
130827496123916
130827529450041
130827562776166
130827596102208
130827629428375
130827662754500
130827696080333
130827729406375
130827762732666
130827796058791
130827829384791
130827862710791
130827896036833
130827929363000
130827962689000
130827996015208
130828029341375
130828062667250
130828095993291
130828129319458
130828162645583
130828195971625
130828229297583
130828262623833
130828295949916
130828329275833
130828362602083
130828395927916
130828429254083
130828462580166
130828495906333
130828529232416
130828562558541
130828595884458
130828629210583
130828662536750
130828695862666
130828729188833
130828762514791
130828795840916
130828829167041
130828862493125
130828895819250
130828929145291
130828962471291
130828995797416
130829029123541
130829062449541
130829095775750
130829129101666
130829162427875
130829195753750
130829229079958
130829262406166
130829295732208
130829329058083
130829362384250
130829395710375
130829429036333
130829462362666
130829495688666
130829529014541
130829562340750
130829595666833
130829628992916
130829662319125
130829695645041
130829728971041
130829762297125
130829795623250
130829828949375
130829862275250
130829895601416
130829928927500
130829962253625
130829995579791
130830028905875
130830062231791
130830095557916
130830128884000
130830162210208
130830195536166
130830228862208
130830262188208
130830295514416
130830328840416
130830362166500
130830395492666
130830428818625
130830462144666
130830495470791
130830528796791
130830562123041
130830595449041
130830628775125
130830662101250
130830695427166
130830728753458
130830762079416
130830795405458
130830828731500
130830862057666
130830895383875
130830928709875
130830962036000
130830995361916
130831028688083
130831062014250
130831095340291
130831128666291
130831161992333
130831195318250
130831228644458
130831261970583
130831295296666
130831328622625
130831361948625
130831395274833
130831428601000
130831461927041
130831495253250
130831528579125
130831561905250
130831595231375
130831628557583
130831661883416
130831695209625
130831728535458
130831761861625
130831795187833
130831828513833
130831861839958
130831895165958
130831928491958
130831961818166
130831995144125
130832028470416
130832061796458
130832095122500
130832128448625
130832161774750
130832195100791
130832228426750
130832261752750
130832295078875
130832328404958
130832361731041
130832395057291
130832428383125
130832461709333
130832495035333
130832528361458
130832561687541
130832595013708
130832628339625
130832661665708
130832694991875
130832728317791
130832761643958
130832794970083
130832828296083
130832861622041
130832894948333
130832928274500
130832961600541
130832994926458
130833028252500
130833061578583
130833094904666
130833128230916
130833161556916
130833194882875
130833228209083
130833261534958
130833294861166
130833328187375
130833361513291
130833394839375
130833428165458
130833461491500
130833494817750
130833528143625
130833561469791
130833594795875
130833628122000
130833661448083
130833694774291
130833728100125
130833761426291
130833794752208
130833828078458
130833861404583
130833894730416
130833928056500
130833961382625
130833994708750
130834028034958
130834061360958
130834094686875
130834128012958
130834161339083
130834194665208
130834227991416
130834261317416
130834294643500
130834327969500
130834361295541
130834394621625
130834427947750
130834461273833
130834494599833
130834527925958
130834561252083
130834594578250
130834627904416
130834661230291
130834694556250
130834727882333
130834761208458
130834794534583
130834827860541
130834861186791
130834894512875
130834927838958
130834961164958
130834994490875
130835027816875
130835061143166
130835094469291
130835127795375
130835161121416
130835194447291
130835227773541
130835261099625
130835294425750
130835327751833
130835361078000
130835394403833
130835427730000
130835461055958
130835494382291
130835527708125
130835561034166
130835594360291
130835627686458
130835661012541
130835694338625
130835727664458
130835760990541
130835794316750
130835827642958
130835860968916
130835894295125
130835927621000
130835960947166
130835994273208
130836027599291
130836060925541
130836094251500
130836127577541
130836160903625
130836194229666
130836227555833
130836260881875
130836294207750
130836327533958
130836360859958
130836394186000
130836427512083
130836460838250
130836494164250
130836527490375
130836560816458
130836594142666
130836627468791
130836660794583
130836694120916
130836727446875
130836760773125
130836794099083
130836827425083
130836860751000
130836894077208
130836927403375
130836960729333
130836994055458
130837027381458
130837060707583
130837094033750
130837127359708
130837160685875
130837194011916
130837227337958
130837260663916
130837293990041
130837327316125
130837360642416
130837393968166
130837427294416
130837460620416
130837493946541
130837527272666
130837560598666
130837593924666
130837627250791
130837660577000
130837693903125
130837727229083
130837760555041
130837793881125
130837827207250
130837860533375
130837893859416
130837927185541
130837960511500
130837993837666
130838027163666
130838060489833
130838093815958
130838127141833
130838160468000
130838193794083
130838227120125
130838260446291
130838293772416
130838327098291
130838360424416
130838393750541
130838427076666
130838460402666
130838493728708
130838527054708
130838560380916
130838593707041
130838627033000
130838660359083
130838693685125
130838727011250
130838760337333
130838793663333
130838826989625
130838860315500
130838893641541
130838926967416
130838960293791
130838993619875
130839026945916
130839060272000
130839093598000
130839126924125
130839160250208
130839193576333
130839226902291
130839260228375
130839293554500
130839326880541
130839360206666
130839393532791
130839426858708
130839460184791
130839493510958
130839526837083
130839560163208
130839593489041
130839626815125
130839660141250
130839693467250
130839726793333
130839760119666
130839793445541
130839826771541
130839860097625
130839893423750
130839926749916
130839960075833
130839993401916
130840026728000
130840060054208
130840093380208
130840126706166
130840160032375
130840193358416
130840226684541
130840260010791
130840293336833
130840326662666
130840359988833
130840393314916
130840426641083
130840459967125
130840493293125
130840526619041
130840559945208
130840593271291
130840626597333
130840659923458
130840693249541
130840726575625
130840759901666
130840793227750
130840826554000
130840859880125
130840893206000
130840926532166
130840959858250
130840993184250
130841026510416
130841059836333
130841093162375
130841126488375
130841159814666
130841193140666
130841226466750
130841259792750
130841293118833
130841326444958
130841359771083
130841393097166
130841426423041
130841459749291
130841493075375
130841526401375
130841559727458
130841593053458
130841626379500
130841659705541
130841693031708
130841726357791
130841759684083
130841793009958
130841826335958
130841859662083
130841892988166
130841926314208
130841959640416
130841992966333
130842026292375
130842059618541
130842092944708
130842126270875
130842159596708
130842192922875
130842226248958
130842259575125
130842292901083
130842326227083
130842359553083
130842392879291
130842426205416
130842459531500
130842492857541
130842526183583
130842559509708
130842592835708
130842626161708
130842659487833
130842692813875
130842726139791
130842759466000
130842792792291
130842826118375
130842859444375
130842892770208
130842926096291
130842959422458
130842992748541
130843026074666
130843059400791
130843092726750
130843126052875
130843159378875
130843192704958
130843226031208
130843259357125
130843292683125
130843326009250
130843359335416
130843392661458
130843425987666
130843459313458
130843492639666
130843525965791
130843559291875
130843592617875
130843625943875
130843659269958
130843692596041
130843725922166
130843759248250
130843792574208
130843825900250
130843859226458
130843892552541
130843925878708
130843959204666
130843992530750
130844025856791
130844059182958
130844092508958
130844125835166
130844159161125
130844192487166
130844225813333
130844259139416
130844292465500
130844325791500
130844359117416
130844392443541
130844425769791
130844459095750
130844492421916
130844525748000
130844559074000
130844592400166
130844625726166
130844659052250
130844692378416
130844725704208
130844759030416
130844792356416
130844825682541
130844859008625
130844892334833
130844925660708
130844958986791
130844992313000
130845025639000
130845058965208
130845092291083
130845125617250
130845158943291
130845192269500
130845225595500
130845258921416
130845292247625
130845325573625
130845358899833
130845392225791
130845425552000
130845458877958
130845492203958
130845525530166
130845558856166
130845592182250
130845625508416
130845658834291
130845692160583
130845725486541
130845758812625
130845792138791
130845825464750
130845858790791
130845892116958
130845925442916
130845958769125
130845992095291
130846025421208
130846058747166
130846092073333
130846125399666
130846158725666
130846192051625
130846225377625
130846258703791
130846292029791
130846325355958
130846358682125
130846392007833
130846425334000
130846458660125
130846491986166
130846525312250
130846558638333
130846591964291
130846625290583
130846658616541
130846691942791
130846725268500
130846758594666
130846791920833
130846825247041
130846858573000
130846891899208
130846925225041
130846958551125
130846991877375
130847025203458
130847058529500
130847091855625
130847125181416
130847158507666
130847191833625
130847225159916
130847258485875
130847291811791
130847325137875
130847358464125
130847391790041
130847425116250
130847458442416
130847491768416
130847525094416
130847558420541
130847591746458
130847625072666
130847658398583
130847691724666
130847725050916
130847758377041
130847791702958
130847825029208
130847858354958
130847891681125
130847925007250
130847958333458
130847991659500
130848024985458
130848058311583
130848091637500
130848124963625
130848158289708
130848191615916
130848224941916
130848258267875
130848291594000
130848324920208
130848358246291
130848391572208
130848424898333
130848458224458
130848491550541
130848524876625
130848558202583
130848591528666
130848624854750
130848658180916
130848691507000
130848724833166
130848758159000
130848791485083
130848824811166
130848858137333
130848891463416
130848924789458
130848958115416
130848991441458
130849024767583
130849058093625
130849091419750
130849124745750
130849158071916
130849191397958
130849224724041
130849258050250
130849291376333
130849324702250
130849358028291
130849391354500
130849424680583
130849458006541
130849491332541
130849524658541
130849557984708
130849591310833
130849624636833
130849657963000
130849691289000
130849724615166
130849757941125
130849791267208
130849824593333
130849857919291
130849891245416
130849924571583
130849957897541
130849991223833
130850024549708
130850057875666
130850091201958
130850124528000
130850157854208
130850191180166
130850224506125
130850257832333
130850291158333
130850324484416
130850357810541
130850391136416
130850424462541
130850457788708
130850491114666
130850524440875
130850557766875
130850591092791
130850624419041
130850657745166
130850691071291
130850724397291
130850757723458
130850791049291
130850824375541
130850857701541
130850891027583
130850924353666
130850957679666
130850991005750
130851024331750
130851057657916
130851090984000
130851124310208
130851157636125
130851190962166
130851224288333
130851257614416
130851290940541
130851324266375
130851357592541
130851390918750
130851424244791
130851457570875
130851490897041
130851524222916
130851557549083
130851590875083
130851624201166
130851657527000
130851690853250
130851724179208
130851757505416
130851790831541
130851824157625
130851857483500
130851890809708
130851924135708
130851957461958
130851990788041
130852024114125
130852057440000
130852090766125
130852124092208
130852157418250
130852190744500
130852224070583
130852257396458
130852290722541
130852324048708
130852357374875
130852390701041
130852424026875
130852457353041
130852490679000
130852524005125
130852557331250
130852590657416
130852623983208
130852657309500
130852690635500
130852723961666
130852757287750
130852790613541
130852823939750
130852857265875
130852890591833
130852923918041
130852957244166
130852990570083
130853023896166
130853057222333
130853090548375
130853123874541
130853157200333
130853190526583
130853223852625
130853257178750
130853290504958
130853323830708
130853357156958
130853390482791
130853423809083
130853457135250
130853490461375
130853523787291
130853557113333
130853590439416
130853623765583
130853657091666
130853690417708
130853723743708
130853757069833
130853790395916
130853823722041
130853857048083
130853890374000
130853923700083
130853957026250
130853990352291
130854023678500
130854057004500
130854090330583
130854123656583
130854156982750
130854190308833
130854223634916
130854256960791
130854290286916
130854323613041
130854356939166
130854390265125
130854423591333
130854456917208
130854490243291
130854523569500
130854556895541
130854590221625
130854623547583
130854656873625
130854690199750
130854723525916
130854756852000
130854790178083
130854823504083
130854856830125
130854890156208
130854923482375
130854956808541
130854990134416
130855023460416
130855056786583
130855090112625
130855123438750
130855156764791
130855190090833
130855223417041
130855256743041
130855290069083
130855323395291
130855356721208
130855390047166
130855423373291
130855456699375
130855490025416
130855523351708
130855556677666
130855590003666
130855623329791
130855656655833
130855689981958
130855723307958
130855756634000
130855789960125
130855823286166
130855856612333
130855889938500
130855923264375
130855956590500
130855989916500
130856023242791
130856056568791
130856089894666
130856123220750
130856156546875
130856189872958
130856223199125
130856256525291
130856289851125
130856323177250
130856356503250
130856389829375
130856423155666
130856456481416
130856489807583
130856523133625
130856556459750
130856589786000
130856623112000
130856656437833
130856689763958
130856723090083
130856756416250
130856789742291
130856823068250
130856856394333
130856889720458
130856923046458
130856956372708
130856989698583
130857023024708
130857056350833
130857089676791
130857123002916
130857156329083
130857189655125
130857222981041
130857256307250
130857289633416
130857322959500
130857356285458
130857389611375
130857422937625
130857456263708
130857489589750
130857522915875
130857556241833
130857589567875
130857622894083
130857656220208
