131859440150582
131859473476749
131859506802916
131859540129083
131859573455041
131859606780958
131859640107040
131859673432958
131859706759208
131859740085250
131859773411416
131859806737290
131859840063541
131859873389708
131859906715750
131859940041875
131859973368000
131860006693915
131860040020166
131860073346124
131860106672416
131860139998333
131860173324500
131860206650540
131860239976582
131860273302833
131860306628750
131860339954833
131860373280833
131860406607040
131860439933166
131860473259166
131860506585333
131860539911250
131860573237333
131860606563457
131860639889708
131860673215791
131860706541625
131860739867833
131860773194000
131860806519957
131860839846166
131860873172041
131860906498291
131860939824333
131860973150415
131861006476582
131861039802708
131861073128750
131861106454750
131861139780916
131861173106915
131861206433166
131861239759333
131861273085166
131861306411375
131861339737541
131861373063625
131861406389749
131861439715499
131861473041750
131861506367875
131861539693916
131861573020082
131861606346166
131861639672083
131861672998375
131861706324291
131861739650458
131861772976625
131861806302541
131861839628583
131861872954666
131861906280791
131861939607000
131861972933082
131862006258999
131862039585125
131862072911333
131862106237500
131862139563416
131862172889415
131862206215582
131862239541625
131862272867750
131862306193833
131862339519833
131862372845915
131862406172041
131862439498125
131862472824333
131862506150375
131862539476458
131862572802457
131862606128624
131862639454750
131862672780833
131862706107000
131862739433040
131862772759041
131862806085166
131862839411333
131862872737416
131862906063291
131862939389458
131862972715582
131863006041583
131863039367875
131863072693833
131863106019750
131863139346040
131863172672124
131863205998250
131863239324333
131863272650291
131863305976333
131863339302500
131863372628707
131863405954750
131863439280791
131863472606791
131863505932875
131863539259082
131863572585082
131863605911333
131863639237291
131863672563458
131863705889416
131863739215625
131863772541582
131863805867583
131863839193791
131863872519875
131863905846040
131863939172125
131863972498249
131864005824125
131864039150166
131864072476333
131864105802415
131864139128624
131864172454749
131864205780750
131864239106875
131864272432916
131864305759000
131864339085207
131864372411041
131864405737208
131864439063375
131864472389375
131864505715583
131864539041624
131864572367541
131864605693791
131864639019916
131864672345958
131864705672000
131864738997999
131864772324041
131864805650291
131864838976375
131864872302458
131864905628540
131864938954624
131864972280624
131865005606708
131865038932791
131865072259040
131865105584957
131865138911041
131865172237166
131865205563333
131865238889500
131865272215500
131865305541500
131865338867749
131865372193750
131865405519708
131865438845916
131865472171958
131865505497957
131865538824208
131865572150125
131865605476500
131865638802416
131865672128458
131865705454457
131865738780666
131865772106666
131865805432875
131865838758791
131865872084833
131865905411082
131865938737166
131865972063375
131866005389458
131866038715416
131866072041500
131866105367541
131866138693708
131866172019791
131866205345750
131866238671791
131866271998000
131866305324124
131866338650250
131866371976333
131866405302250
131866438628416
131866471954625
131866505280624
131866538606791
131866571932583
131866605258875
131866638585000
131866671911082
131866705237166
131866738563250
131866771889166
131866805215333
131866838541500
131866871867625
131866905193708
131866938519666
131866971845708
131867005171916
131867038498000
131867071824166
131867105150291
131867138476250
131867171802333
131867205128375
131867238454415
131867271780624
131867305106416
131867338432666
131867371758791
131867405084833
131867438411000
131867471736875
131867505062999
131867538389125
131867571715250
131867605041375
131867638367582
131867671693499
131867705019666
131867738345791
131867771671791
131867804998000
131867838324000
131867871650041
131867904976208
131867938302166
131867971628416
131868004954500
131868038280500
131868071606582
131868104932750
131868138258791
131868171584875
131868204910958
131868238237000
131868271563124
131868304889250
131868338215291
131868371541500
131868404867375
131868438193540
131868471519624
131868504845708
131868538171875
131868571497708
131868604823875
131868638149915
131868671476083
131868704802250
131868738128333
131868771454291
131868804780458
131868838106540
131868871432708
131868904758708
131868938084750
131868971410833
131869004736958
131869038063000
131869071389166
131869104715291
131869138041208
131869171367333
131869204693540
131869238019624
131869271345749
131869304671875
131869337997875
131869371323833
131869404650040
131869437976166
131869471302291
131869504628250
131869537954458
131869571280500
131869604606707
131869637932749
131869671258750
131869704584750
131869737910916
131869771237040
131869804563165
131869837889249
131869871215166
131869904541208
131869937867375
131869971193500
131870004519582
131870037845666
131870071171708
131870104497666
131870137823875
131870171150083
131870204476082
131870237802041
131870271128166
131870304454250
131870337780416
131870371106540
131870404432500
131870437758708
131870471084666
131870504410750
131870537736958
131870571063083
131870604389041
131870637715041
131870671041208
131870704367416
131870737693500
131870771019582
131870804345499
131870837671624
131870870997875
131870904324000
131870937650083
131870970975915
131871004302041
131871037628250
131871070954291
131871104280375
131871137606540
131871170932500
131871204258624
131871237584708
131871270910750
131871304236875
131871337562915
131871370889000
131871404215249
131871437541250
131871470867333
131871504193333
131871537519458
131871570845582
131871604171708
131871637497833
131871670824000
131871704149750
131871737476000
131871770802166
131871804128291
131871837454416
131871870780500
131871904106416
131871937432625
131871970758582
131872004084791
131872037410791
131872070736833
131872104063041
131872137389040
131872170715207
131872204041375
131872237367416
131872270693375
131872304019541
131872337345625
131872370671791
131872403997833
131872437323708
131872470649916
131872503976000
131872537302165
131872570628249
131872603954375
131872637280375
131872670606375
131872703932500
131872737258750
131872770584833
131872803910750
131872837236791
131872870563000
131872903889083
131872937215291
131872970541166
131873003867250
131873037193291
131873070519583
131873103845750
131873137171707
131873170497749
131873203823833
131873237150000
131873270475958
131873303802165
131873337128207
131873370454083
131873403780416
131873437106500
131873470432583
131873503758625
131873537084666
131873570410666
131873603737000
131873637062916
131873670389041
131873703715000
131873737041082
131873770367208
131873803693250
131873837019416
131873870345750
131873903671625
131873936997666
131873970323875
131874003649958
131874036976041
131874070301916
131874103628165
131874136954166
131874170280375
131874203606458
131874236932625
131874270258540
131874303584582
131874336910874
131874370236833
131874403563083
131874436889208
131874470215000
131874503541040
131874536867249
131874570193291
131874603519541
131874636845458
131874670171583
131874703497625
131874736823708
131874770149833
131874803476083
131874836801958
131874870128125
131874903454249
131874936780416
131874970106375
131875003432375
131875036758541
131875070084790
131875103410624
131875136736833
131875170062750
131875203389000
131875236715041
131875270041165
131875303367332
131875336693416
131875370019250
131875403345500
131875436671583
131875469997750
131875503323749
131875536649833
131875569975791
131875603302041
131875636628125
131875669954125
131875703280374
131875736606291
131875769932541
131875803258583
131875836584708
131875869910832
131875903236916
131875936562791
131875969888916
131876003215041
131876036541125
131876069867291
131876103193249
131876136519416
131876169845541
131876203171708
131876236497832
131876269823749
131876303149791
131876336475833
131876369801958
131876403128166
131876436454250
131876469780207
131876503106333
131876536432291
131876569758375
131876603084625
131876636410540
131876669736666
131876703062833
131876736388916
131876769715000
131876803041165
131876836367165
131876869693291
131876903019333
131876936345541
131876969671583
131877002997583
131877036323582
131877069649833
131877102975875
131877136302000
131877169628041
131877202953958
131877236280165
131877269606374
131877302932250
131877336258583
131877369584583
131877402910583
131877436236750
131877469562874
131877502888833
131877536215041
131877569541041
131877602867208
131877636193125
131877669519416
131877702845458
131877736171583
131877769497500
131877802823665
131877836149832
131877869476000
131877902802041
131877936128083
131877969454166
131878002780290
131878036106374
131878069432458
131878102758250
131878136084500
131878169410625
131878202736875
131878236062874
131878269389000
131878302714916
131878336041041
131878369367165
131878402693290
131878436019416
131878469345541
131878502671416
131878535997500
131878569323750
131878602649875
131878635975916
131878669301875
131878702627875
131878735954166
131878769280290
131878802606374
131878835932499
131878869258375
131878902584458
131878935910666
131878969236833
131879002562791
131879035888791
131879069215000
131879102541041
131879135867125
131879169193165
131879202519457
131879235845374
131879269171458
131879302497791
131879335823791
131879369150040
131879402475874
131879435801958
131879469128083
131879502454125
131879535780290
131879569106290
131879602432291
131879635758416
131879669084500
131879702410583
131879735736708
131879769062750
131879802388791
131879835714958
131879869041000
131879902367041
131879935693208
131879969019125
131880002345333
131880035671416
131880068997500
131880102323666
131880135649583
131880168975832
131880202301916
131880235627875
131880268954083
131880302280041
131880335606125
131880368932207
131880402258374
131880435584500
131880468910708
131880502236625
131880535562665
131880568888832
131880602215041
131880635541041
131880668867083
131880702193208
131880735519208
131880768845332
131880802171500
131880835497458
131880868823541
131880902149625
131880935475915
131880968801957
131881002128041
131881035454041
131881068780125
131881102106290
131881135432375
131881168758374
131881202084500
131881235410375
131881268736666
131881302062583
131881335388875
131881368714958
131881402041083
131881435367125
131881468693250
131881502019290
131881535345375
131881568671541
131881601997458
131881635323541
131881668649625
131881701975790
131881735301957
131881768627833
131881801953958
131881835280000
131881868606208
131881901932333
131881935258499
131881968584291
131882001910458
131882035236500
131882068562750
131882101888875
131882135214957
131882168540916
131882201867041
131882235193125
131882268519333
131882301845415
131882335171291
131882368497374
131882401823583
131882435149666
131882468475791
131882501801915
131882535127874
131882568454041
131882601780041
131882635106291
131882668432415
131882701758290
131882735084291
131882768410541
131882801736541
131882835062666
131882868388833
131882901714832
131882935040999
131882968367000
131883001693208
131883035019416
131883068345290
131883101671499
131883134997458
131883168323583
131883201649833
131883234975666
131883268301790
131883301627832
131883334953958
131883368280208
131883401606250
131883434932166
131883468258250
131883501584332
131883534910583
131883568236625
131883601562750
131883634888791
131883668214750
131883701540957
131883734867041
131883768193166
131883801519250
131883834845375
131883868171415
131883901497624
131883934823666
131883968149791
131884001475708
131884034801790
131884068127832
131884101453957
131884134780166
131884168106125
131884201432291
131884234758375
131884268084582
131884301410666
131884334736750
131884368062791
131884401388791
131884434714875
131884468041041
131884501367124
131884534693041
131884568019208
131884601345375
131884634671500
131884667997541
131884701323708
131884734649583
131884767975791
131884801301791
131884834628040
131884867954166
131884901280041
131884934606083
131884967932291
131885001258458
131885034584500
131885067910666
131885101236583
131885134562791
131885167888750
131885201214875
131885234541040
131885267866957
131885301193166
131885334519250
131885367845291
131885401171583
131885434497582
131885467823499
131885501149625
131885534475791
131885567801833
131885601128083
131885634453957
131885667780124
131885701106291
131885734432333
131885767758458
131885801084583
131885834410500
131885867736666
131885901062708
131885934388750
131885967715041
131886001041000
131886034366999
131886067693166
131886101019250
131886134345416
131886167671583
131886200997458
131886234323582
131886267649708
131886300975708
131886334301875
131886367627916
131886400953957
131886434280082
131886467606291
131886500932333
131886534258458
131886567584458
131886600910625
131886634236541
131886667562791
131886700888833
131886734214958
131886767540915
131886800867125
131886834193166
131886867519250
131886900845250
131886934171333
131886967497500
131887000823625
131887034149791
131887067475916
131887100801791
131887134127958
131887167453915
131887200780166
131887234106249
131887267432333
131887300758291
131887334084416
131887367410540
131887400736749
131887434062791
131887467388791
131887500714791
131887534041000
131887567367207
131887600693124
131887634019249
131887667345208
131887700671375
131887733997458
131887767323582
131887800649707
131887833975624
131887867301791
131887900627875
131887933954165
131887967280125
131888000606124
131888033932375
131888067258375
131888100584500
131888133910540
131888167236665
131888200562666
131888233888833
131888267214875
131888300541000
131888333867208
131888367193125
131888400519249
131888433845416
131888467171416
131888500497666
131888533823665
131888567149540
131888600475833
131888633801958
131888667127916
131888700454083
131888733780207
131888767106249
131888800432291
131888833758500
131888867084625
131888900410750
131888933736625
131888967062707
131889000388833
131889033715041
131889067041208
131889100367165
131889133693040
131889167019332
131889200345375
131889233671541
131889266997583
131889300323500
131889333649707
131889366975791
131889400301958
131889433628000
131889466954166
131889500280083
131889533606250
131889566932291
131889600258375
131889633584541
131889666910541
131889700236583
131889733562832
131889766888999
131889800214958
131889833541208
131889866867000
131889900193290
131889933519374
131889966845374
131890000171541
131890033497375
131890066823708
131890100149625
131890133475832
131890166801833
131890200128041
131890233454041
131890266780166
131890300106332
131890333432416
131890366758458
131890400084375
131890433410625
131890466736790
131890500062832
131890533388874
131890566715000
131890600041000
131890633367041
131890666693208
131890700019415
131890733345374
131890766671416
131890799997541
131890833323625
131890866649833
131890899975832
131890933301958
131890966627958
131890999954041
131891033280166
131891066606250
131891099932457
131891133258374
131891166584500
131891199910500
131891233236708
131891266562915
131891299888874
131891333214749
131891366540958
131891399867083
131891433193208
131891466519375
131891499845332
131891533171374
131891566497500
131891599823708
131891633149791
131891666475875
131891699801874
131891733127958
131891766454083
131891799780166
131891833106083
131891866432250
131891899758416
131891933084541
131891966410500
131891999736708
131892033062625
131892066388790
131892099714958
131892133041000
131892166367041
131892199693208
131892233019125
131892266345415
131892299671416
131892332997500
131892366323625
131892399649875
131892432975875
131892466301750
131892499627874
131892532954125
131892566280166
131892599606166
131892632932250
131892666258374
131892699584499
131892732910750
131892766236791
131892799562750
131892832888750
131892866214999
131892899541125
131892932867125
131892966193125
131892999519208
131893032845415
131893066171457
131893099497541
131893132823666
131893166149666
131893199475833
131893232801957
131893266128083
131893299454208
131893332780125
131893366106166
131893399432415
131893432758457
131893466084499
131893499410541
131893532736708
131893566062750
131893599388875
131893632714957
131893666041208
131893699367125
131893732693166
131893766019333
131893799345415
131893832671624
131893865997749
131893899323625
131893932649833
131893965975750
131893999302082
131894032628041
131894065954124
131894099280041
131894132606250
131894165932375
131894199258457
131894232584582
131894265910541
131894299236708
131894332562750
131894365888958
131894399215040
131894432541041
131894465867041
131894499193208
131894532519333
131894565845540
131894599171332
131894632497541
131894665823666
131894699149708
131894732475958
131894765802040
131894799128082
131894832453957
131894865780083
131894899106333
131894932432375
131894965758458
131894999084582
131895032410624
131895065736708
131895099062833
131895132389000
131895165714875
131895199041082
131895232367124
131895265693333
131895299019416
131895332345375
131895365671458
131895398997666
131895432323583
131895465649791
131895498975833
131895532301916
131895565627958
131895598954124
131895632280250
131895665606333
131895698932458
131895732258458
131895765584500
131895798910666
131895832236666
131895865562791
131895898888708
131895932214875
131895965541082
131895998867166
131896032193375
131896065519291
131896098845458
131896132171333
131896165497582
131896198823624
131896232149791
131896265475666
131896298801916
131896332128000
131896365454040
131896398780124
131896432106333
131896465432208
131896498758416
131896532084415
131896565410707
131896598736749
131896632062708
131896665388666
131896698714916
131896732040958
131896765367166
131896798693166
131896832019291
131896865345083
131896898671458
131896931997625
131896965323749
131896998649624
131897031975666
131897065301750
131897098628083
131897131954165
131897165280291
131897198606166
131897231932375
131897265258541
131897298584500
131897331910665
131897365236624
131897398562750
131897431888875
131897465215000
131897498541040
131897531867207
131897565193208
131897598519333
131897631845250
131897665171541
131897698497750
131897731823625
131897765149749
131897798475833
131897831801916
131897865128041
131897898454125
131897931780125
131897965106124
131897998432333
131898031758500
131898065084541
131898098410458
131898131736707
131898165062749
131898198388875
131898231714958
131898265041000
131898298367125
131898331693166
131898365019208
131898398345416
131898431671458
131898464997416
131898498323540
131898531649707
131898564975875
131898598301916
131898631628166
131898664954083
131898698280165
131898731606249
131898764932375
131898798258541
131898831584416
131898864910540
131898898236790
131898931562833
131898964888833
131898998215125
131899031541000
131899064867208
131899098193250
131899131519291
131899164845416
131899198171500
131899231497541
131899264823750
131899298149874
131899331475916
131899364802000
131899398127958
131899431454125
131899464780165
131899498106249
131899531432333
131899564758416
131899598084500
131899631410541
131899664736790
131899698062832
131899731388958
131899764714916
131899798041083
131899831367208
131899864693375
131899898019374
131899931345333
131899964671541
131899997997625
131900031323790
131900064649832
131900097976041
131900131301916
131900164628041
131900197954208
131900231280208
131900264606499
131900297932291
131900331258458
131900364584625
131900397910708
131900431237000
131900464562832
131900497888999
131900531215125
131900564541291
131900597867416
131900631193457
131900664519666
131900697845625
131900731171791
131900764497875
131900797824125
131900831150082
131900864476082
131900897802208
131900931128250
131900964454416
131900997780625
131901031106582
131901064432583
131901097758833
131901131084875
131901164411041
131901197737040
131901231063249
131901264389249
131901297715416
131901331041541
131901364367666
131901397693665
131901431019666
131901464345916
131901497671958
131901530998166
131901564324290
131901597650082
131901630976374
131901664302500
131901697628625
131901730954875
131901764280875
131901797606916
131901830932874
131901864259041
131901897585166
131901930911166
131901964237250
131901997563416
131902030889583
131902064215791
131902097542000
131902130867875
131902164193833
131902197520166
131902230846083
131902264172333
131902297498458
131902330824458
131902364150500
131902397476833
131902430802833
131902464128791
131902497455000
131902530781125
131902564107249
131902597433208
131902630759458
131902664085625
131902697411541
131902730737750
131902764063874
131902797390000
131902830716041
131902864041958
131902897368208
131902930694207
131902964020332
131902997346541
131903030672750
131903063998625
131903097324833
131903130650875
131903163977083
131903197302958
131903230629125
131903263955291
131903297281375
131903330607541
131903363933499
131903397259708
131903430585625
131903463911833
131903497237875
131903530564082
131903563890083
131903597216083
131903630542208
131903663868500
131903697194582
131903730520749
131903763846791
131903797172708
131903830498916
131903863824958
131903897151165
131903930477249
131903963803375
131903997129375
131904030455416
131904063781540
131904097107707
131904130433833
131904163759916
131904197086041
131904230412166
131904263738165
131904297064291
131904330390124
131904363716375
131904397042500
131904430368708
131904463694875
131904497020749
131904530347000
131904563672916
131904596999166
131904630325375
131904663651375
131904696977374
131904730303541
131904763629666
131904796955791
131904830281833
131904863607875
131904896933999
131904930260125
131904963586291
131904996912333
131905030238458
131905063564332
131905096890541
131905130216791
131905163542750
131905196868958
131905230195165
131905263520999
131905296847166
131905330173375
131905363499333
131905396825625
131905430151625
131905463477666
131905496803750
131905530129791
131905563456041
131905596782083
131905630108125
131905663434166
131905696760416
131905730086500
131905763412708
131905796738500
131905830064665
131905863390833
131905896716958
131905930043000
131905963369208
131905996695250
131906030021166
131906063347249
131906096673625
131906129999541
131906163325583
131906196651665
131906229977999
131906263303958
131906296630083
131906329955958
131906363282166
131906396608332
131906429934583
131906463260750
131906496586833
131906529912666
131906563238875
131906596564957
131906629890916
131906663217208
131906696543291
131906729869291
131906763195500
131906796521666
131906829847666
131906863173833
131906896499791
131906929825875
