131210641503375
131210674829375
131210708155458
131210741481415
131210774807625
131210808133582
131210841459583
131210874785791
131210908111916
131210941437915
131210974763832
131211008090041
131211041415916
131211074742291
131211108068333
131211141394540
131211174720332
131211208046541
131211241372625
131211274698666
131211308024750
131211341350790
131211374676832
131211408002874
131211441329000
131211474655208
131211507981208
131211541307208
131211574633250
131211607959291
131211641285541
131211674611500
131211707937625
131211741263708
131211774589582
131211807915916
131211841241875
131211874568083
131211907894000
131211941220208
131211974546165
131212007872124
131212041198500
131212074524208
131212107850416
131212141176500
131212174502749
131212207828666
131212241154791
131212274480666
131212307806833
131212341132875
131212374459082
131212407785041
131212441111041
131212474437166
131212507763375
131212541089458
131212574415582
131212607741624
131212641067625
131212674393708
131212707719875
131212741045875
131212774372082
131212807697874
131212841024125
131212874350125
131212907676291
131212941002375
131212974328457
131213007654249
131213040980583
131213074306541
131213107632750
131213140958833
131213174284707
131213207610749
131213240936958
131213274263083
131213307589125
131213340915290
131213374241250
131213407567291
131213440893416
131213474219541
131213507545666
131213540871540
131213574197625
131213607523791
131213640849916
131213674175958
131213707502125
131213740828000
131213774154166
131213807480291
131213840806333
131213874132416
131213907458416
131213940784540
131213974110500
131214007436708
131214040762708
131214074088958
131214107414791
131214140740833
131214174067000
131214207393208
131214240719250
131214274045166
131214307371375
131214340697415
131214374023624
131214407349708
131214440675750
131214474001750
131214507327875
131214540653915
131214573979999
131214607305999
131214640632041
131214673958041
131214707284333
131214740610415
131214773936457
131214807262583
131214840588583
131214873914583
131214907240750
131214940566790
131214973893041
131215007218833
131215040545000
131215073871041
131215107197291
131215140523290
131215173849374
131215207175333
131215240501375
131215273827625
131215307153708
131215340479832
131215373805624
131215407131833
131215440457875
131215473783958
131215507110000
131215540436165
131215573762124
131215607088249
131215640414458
131215673740500
131215707066583
131215740392582
131215773718582
131215807044750
131215840370833
131215873697041
131215907023125
131215940349040
131215973674999
131216007001208
131216040327291
131216073653333
131216106979208
131216140305457
131216173631582
131216206957708
131216240283750
131216273609875
131216306935708
131216340261915
131216373587999
131216406914041
131216440240166
131216473566166
131216506892333
131216540218375
131216573544416
131216606870583
131216640196666
131216673522541
131216706848708
131216740174790
131216773500874
131216806827041
131216840152916
131216873479125
131216906805166
131216940131290
131216973457291
131217006783375
131217040109416
131217073435500
131217106761708
131217140087625
131217173413749
131217206739666
131217240065833
131217273391958
131217306718041
131217340044250
131217373370374
131217406696250
131217440022333
131217473348500
131217506674500
131217540000625
131217573326582
131217606652625
131217639978708
131217673304916
131217706630958
131217739957125
131217773283041
131217806609041
131217839935333
131217873261375
131217906587415
131217939913415
131217973239416
131218006565541
131218039891750
131218073217875
131218106543875
131218139869875
131218173195916
131218206522000
131218239848041
131218273174291
131218306500166
131218339826290
131218373152374
131218406478500
131218439804625
131218473130750
131218506456583
131218539782750
131218573108874
131218606435041
131218639761125
131218673086958
131218706413041
131218739739165
131218773065458
131218806391500
131218839717500
131218873043416
131218906369708
131218939695750
131218973021791
131219006348041
131219039673958
131219073000000
131219106326040
131219139652125
131219172978291
131219206304458
131219239630375
131219272956416
131219306282458
131219339608666
131219372934791
131219406260625
131219439586750
131219472912958
131219506239000
131219539565207
131219572891249
131219606217208
131219639543333
131219672869416
131219706195500
131219739521541
131219772847541
131219806173666
131219839499833
131219872825916
131219906152040
131219939477957
131219972804083
131220006130125
131220039456291
131220072782250
131220106108540
131220139434375
131220172760541
131220206086666
131220239412583
131220272738708
131220306064833
131220339390832
131220372716791
131220406042916
131220439369083
131220472695250
131220506021125
131220539347250
131220572673291
131220605999458
131220639325625
131220672651708
131220705977708
131220739303500
131220772629749
131220805955875
131220839282041
131220872607958
131220905934208
131220939260249
131220972586416
131221005912500
131221039238583
131221072564500
131221105890583
131221139216624
131221172542916
131221205868833
131221239194958
131221272520958
131221305847040
131221339173166
131221372499208
131221405825250
131221439151416
131221472477375
131221505803582
131221539129624
131221572455750
131221605781666
131221639107833
131221672433875
131221705760040
131221739085957
131221772412208
131221805738125
131221839064250
131221872390416
131221905716415
131221939042499
131221972368499
131222005694500
131222039020666
131222072346708
131222105672915
131222138999041
131222172324916
131222205651083
131222238977208
131222272303250
131222305629415
131222338955207
131222372281416
131222405607541
131222438933708
131222472259750
131222505585875
131222538911916
131222572237916
131222605564041
131222638890000
131222672216208
131222705542165
131222738868332
131222772194291
131222805520416
131222838846541
131222872172583
131222905498582
131222938824749
131222972150833
131223005476875
131223038803125
131223072128958
131223105455165
131223138781249
131223172107375
131223205433458
131223238759416
131223272085416
131223305411582
131223338737708
131223372063875
131223405389916
131223438715750
131223472042000
131223505368000
131223538694082
131223572020250
131223605346291
131223638672250
131223671998333
131223705324582
131223738650499
131223771976625
131223805302666
131223838628791
131223871954915
131223905281000
131223938607124
131223971933208
131224005259125
131224038585250
131224071911333
131224105237500
131224138563458
131224171889500
131224205215541
131224238541708
131224271867833
131224305194041
131224338519958
131224371846000
131224405172125
131224438498208
131224471824165
131224505150457
131224538476249
131224571802375
131224605128458
131224638454583
131224671780750
131224705106957
131224738432708
131224771758833
131224805084875
131224838411000
131224871737165
131224905063040
131224938389333
131224971715333
131225005041541
131225038367541
131225071693540
131225105019582
131225138345624
131225171671791
131225204997791
131225238323916
131225271650125
131225304976207
131225338302291
131225371628291
131225404954375
131225438280541
131225471606500
131225504932500
131225538258708
131225571584750
131225604910916
131225638236791
131225671562750
131225704888957
131225738215166
131225771541250
131225804867250
131225838193291
131225871519458
131225904845624
131225938171666
131225971497708
131226004823791
131226038149750
131226071475833
131226104802082
131226138128125
131226171454291
131226204780041
131226238106250
131226271432332
131226304758332
131226338084499
131226371410458
131226404736541
131226438062666
131226471388875
131226504714916
131226538041000
131226571366958
131226604693041
131226638019125
131226671345207
131226704671416
131226737997249
131226771323500
131226804649500
131226837975708
131226871301750
131226904627832
131226937953791
131226971279875
131227004606000
131227037932125
131227071258125
131227104584124
131227137910208
131227171236416
131227204562416
131227237888625
131227271214707
131227304540707
131227337866708
131227371192875
131227404518875
131227437845040
131227471170957
131227504497082
131227537823083
131227571149375
131227604475333
131227637801540
131227671127500
131227704453499
131227737779583
131227771105708
131227804431916
131227837757958
131227871083832
131227904409999
131227937736208
131227971062250
131228004388250
131228037714208
131228071040415
131228104366624
131228137692750
131228171018833
131228204344708
131228237670875
131228270996750
131228304322958
131228337649208
131228370975208
131228404301083
131228437627208
131228470953290
131228504279332
131228537605458
131228570931375
131228604257625
131228637583708
131228670909832
131228704235874
131228737562041
131228770887791
131228804214083
131228837540040
131228870866207
131228904192416
131228937518291
131228970844333
131229004170458
131229037496750
131229070822832
131229104148958
131229137475000
131229170801041
131229204127166
131229237453165
131229270779291
131229304105124
131229337431250
131229370757375
131229404083458
131229437409625
131229470735707
131229504061583
131229537387666
131229570713833
131229604039958
131229637366207
131229670692082
131229704018208
131229737344208
131229770670375
131229803996458
131229837322582
131229870648415
131229903974541
131229937300666
131229970626750
131230003952833
131230037278915
131230070604999
131230103931124
131230137257166
131230170583291
131230203909458
131230237235333
131230270561457
131230303887583
131230337213708
131230370539666
131230403865791
131230437191750
131230470517874
131230503843958
131230537170166
131230570496166
131230603822083
131230637148208
131230670474291
131230703800500
131230737126583
131230770452583
131230803778666
131230837104790
131230870430832
131230903756833
131230937083041
131230970408958
131231003735083
131231037061332
131231070387291
131231103713458
131231137039416
131231170365500
131231203691500
131231237017790
131231270343791
131231303669958
131231336995750
131231370322041
131231403648041
131231436974207
131231470300291
131231503626166
131231536952250
131231570278500
131231603604540
131231636930625
131231670256833
131231703582750
131231736908833
131231770234958
131231803560958
131231836887082
131231870213082
131231903539250
131231936865208
131231970191500
131232003517540
131232036843625
131232070169541
131232103495666
131232136821666
131232170147958
131232203473915
131232236800040
131232270125999
131232303452125
131232336778291
131232370104375
131232403430540
131232436756332
131232470082499
131232503408541
131232536734625
131232570060833
131232603386833
131232636712957
131232670038916
131232703365166
131232736691166
131232770017291
131232803343125
131232836669375
131232869995583
131232903321625
131232936647666
131232969973583
131233003299708
131233036625707
131233069951916
131233103278083
131233136604125
131233169930083
131233203256208
131233236582250
131233269908249
131233303234541
131233336560500
131233369886666
131233403212750
131233436538832
131233469864874
131233503191083
131233536517000
131233569843166
131233603169250
131233636495207
131233669821541
131233703147416
131233736473500
131233769799458
131233803125707
131233836451791
131233869777833
131233903103833
131233936429958
131233969756083
131234003082125
131234036408166
131234069734291
131234103060250
131234136386500
131234169712583
131234203038707
131234236364832
131234269690833
131234303016833
131234336343000
131234369669165
131234402995207
131234436321124
131234469647333
131234502973416
131234536299500
131234569625540
131234602951665
131234636277707
131234669603666
131234702929875
131234736256000
131234769582208
131234802908207
131234836234166
131234869560333
131234902886416
131234936212625
131234969538583
131235002864540
131235036190791
131235069516791
131235102842875
131235136168958
131235169494915
131235202821166
131235236147333
131235269473291
131235302799375
131235336125583
131235369451500
131235402777666
131235436103874
131235469429958
131235502755958
131235536081958
131235569408083
131235602734207
131235636060416
131235669386375
131235702712666
131235736038583
131235769364665
131235802690749
131235836016875
131235869342958
131235902669000
131235935995000
131235969321125
131236002647249
131236035973541
131236069299458
131236102625541
131236135951540
131236169277707
131236202603916
131236235929958
131236269256000
131236302582041
131236335908208
131236369234332
131236402560333
131236435886458
131236469212333
131236502538583
131236535864750
131236569190916
131236602516791
131236635842958
131236669169041
131236702495250
131236735821290
131236769147291
131236802473541
131236835799500
131236869125625
131236902451790
131236935777750
131236969103957
131237002429916
131237035756041
131237069082083
131237102408333
131237135734332
131237169060374
131237202386375
131237235712541
131237269038666
131237302364625
131237335690790
131237369016833
131237402342833
131237435669166
131237468995375
131237502321333
131237535647499
131237568973249
131237602299500
131237635625583
131237668951791
131237702277833
131237735603707
131237768929833
131237802256000
131237835582166
131237868908333
131237902234457
131237935560374
131237968886499
131238002212541
131238035538708
131238068864750
131238102190790
131238135516832
131238168843000
131238202169125
131238235495208
131238268821250
131238302147290
131238335473416
131238368799666
131238402125583
131238435451791
131238468777790
131238502103832
131238535429957
131238568756125
131238602082208
131238635408416
131238668734290
131238702060415
131238735386583
131238768712666
131238802038750
131238835364625
131238868690708
131238902016915
131238935342999
131238968669125
131239001995208
131239035321208
131239068647290
131239101973375
131239135299583
131239168625625
131239201951583
131239235277625
131239268603875
131239301929916
131239335255999
131239368582166
131239401908166
131239435234250
131239468560333
131239501886374
131239535212583
131239568538458
131239601864708
131239635190666
131239668516832
131239701843041
131239735169083
131239768495041
131239801821166
131239835147291
131239868473457
131239901799583
131239935125541
131239968451666
131240001777708
131240035103875
131240068429915
131240101756166
131240135082041
131240168408250
131240201734291
131240235060415
131240268386457
131240301712458
131240335038541
131240368364708
131240401690833
131240435016958
131240468342999
131240501668999
131240534995125
131240568321250
131240601647416
131240634973540
131240668299457
131240701625624
131240734951625
131240768277666
131240801603916
131240834929833
131240868255916
131240901581958
131240934908083
131240968234166
131241001560375
131241034886208
131241068212332
131241101538583
131241134864750
131241168190750
131241201516875
131241234842832
131241268168916
131241301495083
131241334821125
131241368147250
131241401473083
131241434799457
131241468125416
131241501451625
131241534777708
131241568103750
131241601429790
131241634755875
131241668081999
131241701408166
131241734734125
131241768060125
131241801386250
131241834712375
131241868038541
131241901364666
131241934690708
131241968016625
131242001342708
131242034668916
131242067995124
131242101321166
131242134647166
131242167973250
131242201299250
131242234625416
131242267951624
131242301277666
131242334603541
131242367929666
131242401255833
131242434581957
131242467907958
131242501233916
131242534560125
131242567886375
131242601212457
131242634538416
131242667864583
131242701190500
131242734516583
131242767842666
131242801168832
131242834494957
131242867820791
131242901147125
131242934473208
131242967799290
131243001125500
131243034451624
131243067777500
131243101103625
131243134429708
131243167755875
131243201081957
131243234407791
131243267733875
131243301060125
131243334386250
131243367712250
131243401038415
131243434364374
131243467690541
131243501016625
131243534342708
131243567668790
131243600994790
131243634320833
131243667647000
131243700973166
131243734299250
131243767625250
131243800951207
131243834277291
131243867603500
131243900929541
131243934255708
131243967581665
131244000907832
131244034233958
131244067560083
131244100886083
131244134212125
131244167538165
131244200864207
131244234190416
131244267516500
131244300842541
131244334168625
131244367494708
131244400820832
131244434147000
131244467473125
131244500799250
131244534125083
131244567451165
131244600777291
131244634103416
131244667429625
131244700755625
131244734081583
131244767407790
131244800733832
131244834060083
131244867386166
131244900712000
131244934038041
131244967364290
131245000690374
131245034016583
131245067342500
131245100668625
131245133994665
131245167320875
131245200646833
131245233973083
131245267298916
131245300625208
131245333951040
131245367277291
131245400603416
131245433929333
131245467255375
131245500581583
131245533907665
131245567233916
131245600559874
131245633885958
131245667212041
131245700538083
131245733864250
131245767190374
131245800516208
131245833842333
131245867168416
131245900494541
131245933820665
131245967146749
131246000472749
131246033798833
131246067125000
131246100451041
131246133777165
131246167103082
131246200429291
131246233755416
131246267081458
131246300407500
131246333733707
131246367059582
131246400385791
131246433711875
131246467037958
131246500364165
131246533690082
131246567016207
131246600342208
131246633668500
131246666994500
131246700320750
131246733646500
131246766972707
131246800298875
131246833624875
131246866950958
131246900277125
131246933603000
131246966929249
131247000255291
131247033581458
131247066907458
131247100233415
131247133559500
131247166885749
131247200211708
131247233537833
131247266863916
131247300189915
131247333516125
131247366842291
131247400168250
131247433494458
131247466820416
131247500146415
131247533472582
131247566798666
131247600124791
131247633450833
131247666776958
131247700102915
131247733429124
131247766755208
131247800081375
131247833407375
131247866733375
131247900059500
131247933385666
131247966711666
131248000037583
131248033363625
131248066689750
131248100015875
131248133342082
131248166668208
131248199994291
131248233320208
131248266646375
131248299972582
131248333298582
131248366624499
131248399950791
131248433276750
131248466602875
131248499929000
131248533255082
131248566581125
131248599907291
131248633233333
131248666559500
131248699885500
131248733211499
131248766537666
131248799863750
131248833189791
131248866515915
131248899842040
131248933167916
131248966494125
131248999820166
131249033146208
131249066472415
131249099798375
131249133124458
131249166450541
131249199776666
131249233102708
131249266428915
131249299754832
131249333080958
131249366407083
131249399733250
131249433059333
131249466385290
131249499711457
131249533037499
131249566363625
131249599689791
131249633015833
131249666341790
131249699667957
131249732994041
131249766320166
131249799646208
131249832972291
131249866298250
131249899624374
131249932950416
131249966276625
131249999602666
131250032928625
131250066254875
131250099581041
131250132906916
131250166233083
131250199558958
131250232885208
131250266211290
131250299537374
131250332863500
131250366189708
131250399515500
131250432841708
131250466167790
131250499493832
131250532819874
131250566145875
131250599472125
131250632798208
131250666124332
131250699450499
131250732776500
131250766102541
131250799428500
131250832754625
131250866080790
131250899406958
131250932732791
131250966058916
131250999385041
131251032711290
131251066037416
131251099363458
131251132689291
131251166015500
131251199341666
131251232667750
131251265993874
131251299319708
131251332645916
131251365971791
131251399298000
131251432624083
131251465950207
131251499276249
131251532602375
131251565928375
131251599254541
131251632580625
131251665906582
131251699232749
131251732558916
131251765885000
131251799211041
131251832537125
131251865863166
131251899189249
131251932515333
131251965841375
131251999167583
131252032493458
131252065819624
131252099145791
131252132471791
131252165797958
131252199124083
131252232450000
131252265776291
131252299102208
131252332428333
131252365754500
131252399080375
131252432406540
131252465732624
131252499058750
131252532384791
131252565710958
131252599036958
131252632363000
131252665689249
131252699015083
131252732341416
131252765667333
131252798993333
131252832319540
131252865645582
131252898971791
131252932297791
131252965623791
131252998950000
131253032276000
131253065602208
131253098928208
131253132254250
131253165580333
131253198906458
131253232232540
131253265558583
131253298884708
131253332210708
131253365536833
131253398862958
131253432189040
131253465515208
131253498841125
131253532167333
131253565493333
131253598819375
131253632145582
131253665471666
131253698797666
131253732123833
131253765449833
131253798776040
131253832102082
131253865427999
131253898754166
131253932080166
131253965406333
131253998732458
131254032058499
131254065384499
131254098710583
131254132036750
131254165362791
131254198689000
131254232014832
131254265340999
131254298667083
131254331993208
131254365319375
131254398645457
131254431971291
131254465297374
131254498623583
131254531949625
131254565276000
131254598601665
131254631927832
131254665253916
131254698580125
131254731906041
131254765232415
131254798558332
131254831884207
131254865210458
131254898536541
131254931862708
131254965188500
131254998514665
131255031840874
131255065166958
131255098493000
131255131819083
131255165145083
131255198471125
131255231797291
131255265123458
131255298449458
131255331775375
131255365101583
131255398427750
131255431753791
131255465079875
131255498406083
131255531732000
131255565058083
131255598384290
131255631710374
131255665036458
131255698362458
131255731688416
131255765014665
131255798340665
131255831666749
131255864992958
131255898318875
131255931644958
131255964971125
131255998297249
131256031623374
131256064949291
131256098275375
131256131601416
131256164927540
131256198253625
