26774965941875
26774999267916
26775032593958
26775065919708
26775099245750
26775132571750
26775165897541
26775199223541
26775232549458
26775265875541
26775299201416
26775332527291
26775365853250
26775399179291
26775432505208
26775465831250
26775499157125
26775532482958
26775565809000
26775599135000
26775632460958
26775665787041
26775699112875
26775732438708
26775765764791
26775799090666
26775832416750
26775865742583
26775899068458
26775932394416
26775965720541
26775999046416
26776032372458
26776065698208
26776099024166
26776132350166
26776165676250
26776199002125
26776232328291
26776265654041
26776298979958
26776332306000
26776365631958
26776398957916
26776432283750
26776465609791
26776498935708
26776532261708
26776565587708
26776598913666
26776632239375
26776665565458
26776698891458
26776732217416
26776765543541
26776798869333
26776832195208
26776865521125
26776898847250
26776932173125
26776965499083
26776998824916
26777032151041
26777065476958
26777098803000
26777132128875
26777165454833
26777198780666
26777232106666
26777265432791
26777298758708
26777332084666
26777365410500
26777398736458
26777432062541
26777465388458
26777498714500
26777532040291
26777565366166
26777598692208
26777632018125
26777665344083
26777698670208
26777731996041
26777765322083
26777798647958
26777831973916
26777865299916
26777898625666
26777931951666
26777965277750
26777998603750
26778031929750
26778065255625
26778098581416
26778131907541
26778165233458
26778198559416
26778231885458
26778265211291
26778298537291
26778331863208
26778365189166
26778398515208
26778431841125
26778465167041
26778498492916
26778531819041
26778565145000
26778598471000
26778631796708
26778665122666
26778698448708
26778731774708
26778765100666
26778798426625
26778831752500
26778865078458
26778898404333
26778931730416
26778965056291
26778998382291
26779031708166
26779065034208
26779098360125
26779131686208
26779165012166
26779198337958
26779231663916
26779264989875
26779298315875
26779331641958
26779364967750
26779398293791
26779431619708
26779464945625
26779498271625
26779531597625
26779564923416
26779598249375
26779631575458
26779664901458
26779698227416
26779731553208
26779764879250
26779798205208
26779831531208
26779864857125
26779898183250
26779931509000
26779964835041
26779998161041
26780031487000
26780064812875
26780098138666
26780131464750
26780164790791
26780198116625
26780231442666
26780264768666
26780298094458
26780331420500
26780364746416
26780398072458
26780431398583
26780464724250
26780498050291
26780531376208
26780564702250
26780598028208
26780631354208
26780664679875
26780698005875
26780731331916
26780764657958
26780797983958
26780831309791
26780864635750
26780897961666
26780931287666
26780964613541
26780997939666
26781031265458
26781064591500
26781097917500
26781131243541
26781164569416
26781197895250
26781231221333
26781264547333
26781297873083
26781331199250
26781364525166
26781397851041
26781431177041
26781464502916
26781497828916
26781531154791
26781564480708
26781597806625
26781631132708
26781664458625
26781697784791
26781731110708
26781764436500
26781797762541
26781831088541
26781864414333
26781897740500
26781931066125
26781964392375
26781997718208
26782031044166
26782064370208
26782097696125
26782131022000
26782164347875
26782197674000
26782231000000
26782264326041
26782297651791
26782330977708
26782364303791
26782397629583
26782430955666
26782464281750
26782497607458
26782530933500
26782564259416
26782597585500
26782630911541
26782664237375
26782697563291
26782730889333
26782764215291
26782797541250
26782830867166
26782864193041
26782897519041
26782930845000
26782964171000
26782997496916
26783030822666
26783064148666
26783097474750
26783130800750
26783164126666
26783197452583
26783230778666
26783264104541
26783297430541
26783330756458
26783364082458
26783397408250
26783430734208
26783464060166
26783497386333
26783530712083
26783564038208
26783597364000
26783630689916
26783664015916
26783697342041
26783730668083
26783763993875
26783797319875
26783830645833
26783863971833
26783897297750
26783930623708
26783963949541
26783997275666
26784030601583
26784063927666
26784097253625
26784130579250
26784163905458
26784197231375
26784230557333
26784263883208
26784297209291
26784330535250
26784363861125
26784397187166
26784430513125
26784463839166
26784497164916
26784530490958
26784563816875
26784597142916
26784630468875
26784663794875
26784697120666
26784730446833
26784763772750
26784797098583
26784830424625
26784863750500
26784897076583
26784930402666
26784963728500
26784997054416
26785030380500
26785063706291
26785097032250
26785130358375
26785163684250
26785197010333
26785230336208
26785263662250
26785296988125
26785330314083
26785363640250
26785396966041
26785430291875
26785463617916
26785496943875
26785530269916
26785563596000
26785596921666
26785630247750
26785663573708
26785696899666
26785730225708
26785763551750
26785796877500
26785830203416
26785863529583
26785896855500
26785930181500
26785963507375
26785996833458
26786030159250
26786063485250
26786096811291
26786130137250
26786163463125
26786196789166
26786230115125
26786263441208
26786296767208
26786330093041
26786363418916
26786396745000
26786430071041
26786463396958
26786496723083
26786530048875
26786563374833
26786596700750
26786630026916
26786663352833
26786696678625
26786730004708
26786763330708
26786796656583
26786829982583
26786863308625
26786896634375
26786929960458
26786963286416
26786996612416
26787029938375
26787063264250
26787096590250
26787129916291
26787163242250
26787196568250
26787229894291
26787263220125
26787296545958
26787329872083
26787363198041
26787396524000
26787429849916
26787463175875
26787496501916
26787529827833
26787563153875
26787596479791
26787629805708
26787663131666
26787696457625
26787729783583
26787763109750
26787796435500
26787829761541
26787863087458
26787896413416
26787929739458
26787963065500
26787996391208
26788029717291
26788063043291
26788096369333
26788129695375
26788163021125
26788196347125
26788229673166
26788262999041
26788296325041
26788329651083
26788362976875
26788396302875
26788429628791
26788462954958
26788496280875
26788529606833
26788562932750
26788596258666
26788629584750
26788662910791
26788696236666
26788729562500
26788762888458
26788796214458
26788829540416
26788862866541
26788896192250
26788929518333
26788962844291
26788996170333
26789029496291
26789062822291
26789096148083
26789129474083
26789162800208
26789196126083
26789229452041
26789262778000
26789296103958
26789329429916
26789362755875
26789396081833
26789429407916
26789462733625
26789496059625
26789529385791
26789562711708
26789596037750
26789629363500
26789662689500
26789696015625
26789729341500
26789762667500
26789795993500
26789829319333
26789862645416
26789895971375
26789929297416
26789962623208
26789995949208
26790029275041
26790062601250
26790095927250
26790129253125
26790162579208
26790195904958
26790229231083
26790262557083
26790295882916
26790329208875
26790362534708
26790395860750
26790429186833
26790462512708
26790495838708
26790529164750
26790562490666
26790595816625
26790629142583
26790662468458
26790695794583
26790729120375
26790762446416
26790795772333
26790829098458
26790862424458
26790895750458
26790929076166
26790962402125
26790995728083
26791029054250
26791062380250
26791095705958
26791129032041
26791162358000
26791195683958
26791229009916
26791262335958
26791295661833
26791328987791
26791362313708
26791395639750
26791428965833
26791462291666
26791495617583
26791528943708
26791562269625
26791595595625
26791628921541
26791662247416
26791695573416
26791728899458
26791762225375
26791795551333
26791828877125
26791862203250
26791895529250
26791928855291
26791962181166
26791995507208
26792028833000
26792062159041
26792095485000
26792128810958
26792162137000
26792195462833
26792228788875
26792262114833
26792295440708
26792328766750
26792362092750
26792395418625
26792428744625
26792462070583
26792495396625
26792528722541
26792562048375
26792595374291
26792628700416
26792662026416
26792695352333
26792728678333
26792762004250
26792795330166
26792828656166
26792861982166
26792895308166
26792928634000
26792961959958
26792995285958
26793028611916
26793061937958
26793095263875
26793128589750
26793161915791
26793195241833
26793228567875
26793261893791
26793295219625
26793328545583
26793361871666
26793395197666
26793428523625
26793461849541
26793495175333
26793528501416
26793561827375
26793595153458
26793628479416
26793661805291
26793695131208
26793728457208
26793761783166
26793795109208
26793828435041
26793861760958
26793895087041
26793928413041
26793961739083
26793995065000
26794028390833
26794061716750
26794095042708
26794128368833
26794161694666
26794195020791
26794228346541
26794261672541
26794294998541
26794328324583
26794361650541
26794394976458
26794428302416
26794461628416
26794494954291
26794528280416
26794561606458
26794594932166
26794628258125
26794661584166
26794694910083
26794728236166
26794761561958
26794794887875
26794828213958
26794861539916
26794894866000
26794928191958
26794961517875
26794994843833
26795028169833
26795061495833
26795094821666
26795128147625
26795161473500
26795194799625
26795228125625
26795261451541
26795294777500
26795328103458
26795361429333
26795394755416
26795428081375
26795461407416
26795494733166
26795528059125
26795561385250
26795594711166
26795628037250
26795661363291
26795694688958
26795728014875
26795761341083
26795794666958
26795827992958
26795861318916
26795894644750
26795927970791
26795961296791
26795994622750
26796027948875
26796061274583
26796094600541
26796127926541
26796161252541
26796194578583
26796227904375
26796261230458
26796294556416
26796327882416
26796361208416
26796394534375
26796427860333
26796461186166
26796494512208
26796527838166
26796561164166
26796594489958
26796627816000
26796661141916
26796694467958
26796727794041
26796761119708
26796794445750
26796827771791
26796861097750
26796894423708
26796927749708
26796961075541
26796994401583
26797027727541
26797061053625
26797094379625
26797127705625
26797161031333
26797194357333
26797227683375
26797261009250
26797294335250
26797327661166
26797360987208
26797394313083
26797427639208
26797460965125
26797494291166
26797527616916
26797560943000
26797594268916
26797627594958
26797660921000
26797694246791
26797727572708
26797760898791
26797794224666
26797827550666
26797860876791
26797894202583
26797927528541
26797960854458
26797994180583
26798027506541
26798060832291
26798094158333
26798127484416
26798160810333
26798194136208
26798227462250
26798260788083
26798294114208
26798327440166
26798360766208
26798394092208
26798427418000
26798460743916
26798494069916
26798527395916
26798560721875
26798594047875
26798627373750
26798660699750
26798694025750
26798727351750
26798760677750
26798794003583
26798827329583
26798860655458
26798893981541
26798927307583
26798960633583
26798993959416
26799027285250
26799060611333
26799093937291
26799127263375
26799160589083
26799193915041
26799227241166
26799260567000
26799293893166
26799327219083
26799360545000
26799393870958
26799427196916
26799460522750
26799493849000
26799527174750
26799560500708
26799593826708
26799627152666
26799660478583
26799693804750
26799727130625
26799760456583
26799793782500
26799827108541
26799860434458
26799893760375
26799927086375
26799960412375
26799993738291
26800027064291
26800060390291
26800093716166
26800127042166
26800160368208
26800193694125
26800227020125
26800260345916
26800293672000
26800326998000
26800360323916
26800393650000
26800426975916
26800460301791
26800493627791
26800526953708
26800560279708
26800593605666
26800626931541
26800660257458
26800693583500
26800726909416
26800760235500
26800793561458
26800826887458
26800860213375
26800893539291
26800926865291
26800960191291
26800993517125
26801026843166
26801060169083
26801093495125
26801126821166
26801160147125
26801193472958
26801226798916
26801260124916
26801293450833
26801326776791
26801360102833
26801393428708
26801426754791
26801460080791
26801493406833
26801526732625
26801560058625
26801593384541
26801626710583
26801660036583
26801693362541
26801726688250
26801760014333
26801793340250
26801826666208
26801859992375
26801893318375
26801926644000
26801959970125
26801993296083
26802026622000
26802059948041
26802093273916
26802126599875
26802159925750
26802193251791
26802226577875
26802259903916
26802293229625
26802326555625
26802359881708
26802393207791
26802426533625
26802459859541
26802493185500
26802526511541
26802559837541
26802593163458
26802626489583
26802659815250
26802693141291
26802726467208
26802759793291
26802793119333
26802826445000
26802859771166
26802893097083
26802926423083
26802959749041
26802993075166
26803026401000
26803059726958
26803093052916
26803126378958
26803159705041
26803193030708
26803226356791
26803259682708
26803293008625
26803326334708
26803359660666
26803392986541
26803426312458
26803459638458
26803492964416
26803526290541
26803559616250
26803592942416
26803626268375
26803659594416
26803692920333
26803726246375
26803759572166
26803792898125
26803826224125
26803859550041
26803892876000
26803926201958
26803959528000
26803992853916
26804026180041
26804059506000
26804092831875
26804126157666
26804159483666
26804192809708
26804226135666
26804259461666
26804292787416
26804326113583
26804359439625
26804392765583
26804426091583
26804459417416
26804492743333
26804526069416
26804559395375
26804592721333
26804626047375
26804659373250
26804692699083
26804726025083
26804759351166
26804792677125
26804826003125
26804859328916
26804892654958
26804925980916
26804959306958
26804992632958
26805025958666
26805059284750
26805092610750
26805125936833
26805159262833
26805192588833
26805225914625
26805259240583
26805292566583
26805325892500
26805359218500
26805392544333
26805425870416
26805459196166
26805492522291
26805525848208
26805559174333
26805592500125
26805625826250
26805659152166
26805692477666
26805725804166
26805759129916
26805792455916
26805825781958
26805859108041
26805892433875
26805925759958
26805959085708
26805992411791
26806025737666
26806059063833
26806092389791
26806125715583
26806159041583
26806192367541
26806225693541
26806259019541
26806292345500
26806325671375
26806358997416
26806392323250
26806425649500
26806458975333
26806492301208
26806525627041
26806558953250
26806592279166
26806625605083
26806658931125
26806692256958
26806725582916
26806758908875
26806792234958
26806825560791
26806858886791
26806892212791
26806925538833
26806958864625
26806992190791
26807025516666
26807058842583
26807092168500
26807125494541
26807158820583
26807192146625
26807225472458
26807258798333
26807292124416
26807325450208
26807358776458
26807392102416
26807425428125
26807458754166
26807492080208
26807525406083
26807558732000
26807592057875
26807625384000
26807658709958
26807692035916
26807725361916
26807758687791
26807792013666
26807825339750
26807858665750
26807891991666
26807925317666
26807958643500
26807991969541
26808025295500
26808058621583
26808091947375
26808125273541
26808158599333
26808191925375
26808225251333
26808258577333
26808291903375
26808325229083
26808358555041
26808391881166
26808425207125
26808458533041
26808491859125
26808525184833
26808558510875
26808591836916
26808625162791
26808658488958
26808691814708
26808725140791
26808758466750
26808791792708
26808825118708
26808858444708
26808891770541
26808925096500
26808958422625
26808991748500
26809025074458
26809058400375
26809091726291
26809125052250
26809158378333
26809191704291
26809225030250
26809258356125
26809291682041
26809325008083
26809358334083
26809391660250
26809424985916
26809458311958
26809491638083
26809524963875
26809558289875
26809591615958
26809624941666
26809658267791
26809691593708
26809724919708
26809758245708
26809791571625
26809824897583
26809858223583
26809891549625
26809924875583
26809958201583
26809991527333
26810024853375
26810058179375
26810091505291
26810124831375
26810158157083
26810191483208
26810224809250
26810258135000
26810291461375
26810324787208
26810358113166
26810391439000
26810424765000
26810458090916
26810491416875
26810524742750
26810558068750
26810591394875
26810624720708
26810658046833
26810691372541
26810724698583
26810758024458
26810791350458
26810824676500
26810858002416
26810891328291
26810924654250
26810957980375
26810991306375
26811024632291
26811057958291
26811091284250
26811124610208
26811157936041
26811191262166
26811224588083
26811257913875
26811291239833
26811324565875
26811357891958
26811391217875
26811424543875
26811457869750
26811491195750
26811524521708
26811557847791
26811591173791
26811624499541
26811657825500
26811691151708
26811724477583
26811757803541
26811791129541
26811824455500
26811857781375
26811891107333
26811924433250
26811957759333
26811991085125
26812024411208
26812057737250
26812091063208
26812124389250
26812157715166
26812191041000
26812224367000
26812257692833
26812291018958
26812324345000
26812357670708
26812390996875
26812424322833
26812457648750
26812490974833
26812524300750
26812557626541
26812590952541
26812624278500
26812657604500
26812690930583
26812724256416
26812757582291
26812790908416
26812824234333
26812857560458
26812890886416
26812924212125
26812957538208
26812990864166
26813024190166
26813057516041
26813090841916
26813124168083
26813157494000
26813190820041
26813224145958
26813257472000
26813290797750
26813324123916
26813357449958
26813390775750
26813424101666
26813457427541
26813490753541
26813524079625
26813557405666
26813590731541
26813624057666
26813657383333
26813690709375
26813724035291
26813757361458
26813790687375
26813824013208
26813857339250
26813890665166
26813923991250
26813957317083
26813990643250
26814023968916
26814057295000
26814090621000
26814123947041
26814157273000
26814190598750
26814223924791
26814257250875
26814290576833
26814323902833
26814357228916
26814390554750
26814423880541
26814457206666
26814490532541
26814523858625
26814557184416
26814590510375
26814623836458
26814657162458
26814690488458
26814723814500
26814757140250
26814790466375
26814823792166
26814857118208
26814890444208
26814923770000
26814957096083
26814990422125
26815023748083
26815057074041
26815090399958
26815123725958
26815157051875
26815190377708
26815223703833
26815257029708
26815290355583
26815323681583
26815357007666
26815390333541
26815423659583
26815456985541
26815490311458
26815523637583
26815556963458
26815590289458
26815623615500
26815656941208
26815690267333
26815723593166
26815756919208
26815790245208
26815823571208
26815856897166
26815890223000
26815923549125
26815956875041
26815990200916
26816023526833
26816056852791
26816090178916
26816123504791
26816156830875
26816190156875
26816223482583
26816256808750
26816290134750
26816323460750
26816356786791
26816390112416
26816423438625
26816456764458
26816490090541
26816523416541
26816556742458
26816590068333
26816623394291
26816656720166
26816690046291
26816723372208
26816756698166
26816790024083
26816823350083
26816856676041
26816890001958
26816923328125
26816956653916
26816989979833
26817023305833
26817056631750
26817089957875
26817123283666
26817156609541
26817189935750
26817223261708
26817256587750
26817289913625
26817323239541
26817356565500
26817389891458
26817423217583
26817456543416
26817489869291
26817523195375
26817556521291
26817589847291
26817623173333
26817656499208
26817689825000
26817723151166
26817756477125
26817789803041
26817823129125
26817856454916
26817889780916
26817923106916
26817956433041
26817989758958
26818023085000
26818056410750
26818089736708
26818123062750
26818156388791
26818189714666
26818223040541
26818256366583
26818289692500
26818323018500
26818356344541
26818389670416
26818422996375
26818456322333
26818489648291
26818522974333
26818556300250
26818589626125
26818622952166
26818656278208
26818689604125
26818722930041
26818756256125
26818789581916
26818822908000
26818856234000
26818889559875
26818922885916
26818956211791
26818989537708
26819022863708
26819056189750
26819089515791
26819122841666
26819156167541
26819189493500
26819222819625
26819256145583
26819289471583
26819322797333
26819356123416
26819389449375
26819422775416
26819456101333
26819489427375
26819522753166
26819556079250
26819589405083
26819622731166
26819656057250
26819689382958
26819722709041
26819756035000
26819789361083
26819822686916
26819856012875
26819889338875
26819922664833
26819955990750
26819989316791
26820022642791
26820055968625
26820089294583
26820122620541
26820155946583
26820189272666
26820222598583
26820255924458
26820289250375
26820322576375
26820355902416
26820389228500
26820422554166
26820455880208
26820489206166
26820522532208
26820555858291
26820589184166
26820622510125
26820655836125
26820689162000
26820722488041
26820755814125
26820789139875
26820822465958
26820855791791
26820889117916
26820922443791
26820955769833
26820989095750
26821022421750
26821055747625
26821089073625
26821122399583
26821155725541
26821189051458
26821222377500
26821255703583
26821289029416
26821322355375
26821355681250
26821389007333
26821422333291
26821455659333
26821488985208
26821522311041
26821555637166
26821588963041
26821622289083
26821655615083
26821688941208
26821722266916
26821755592958
26821788918958
26821822245041
26821855570833
26821888896791
26821922222750
26821955548750
26821988874791
26822022200625
26822055526666
26822088852541
26822122178541
26822155504541
26822188830583
26822222156583
26822255482333
26822288808333
26822322134375
26822355460375
26822388786458
26822422112333
26822455438208
26822488764166
26822522090250
26822555416125
26822588742166
26822622067541
26822655394041
26822688720000
26822722046000
26822755372041
26822788698041
26822822023875
26822855349875
26822888675833
26822922001833
26822955327958
26822988653708
26823021979708
26823055305666
26823088631541
26823121957625
26823155283541
26823188609416
26823221935458
26823255261333
26823288587416
26823321913500
26823355239250
26823388565250
26823421891125
26823455217208
26823488543333
26823521869250
26823555195041
26823588521083
26823621847000
26823655172958
26823688498958
26823721824958
26823755150833
26823788476791
26823821802750
26823855128833
26823888454750
26823921780541
26823955106666
26823988432666
26824021758666
26824055084708
26824088410500
26824121736500
26824155062583
26824188388500
26824221714375
26824255040500
26824288366208
26824321692250
26824355018375
26824388344291
26824421670291
26824454996041
26824488322041
26824521648291
26824554974208
26824588300291
26824621626166
26824654952000
26824688277833
26824721603958
26824754929916
26824788255916
26824821581666
26824854907791
26824888233708
26824921559708
26824954885708
26824988211750
26825021537416
26825054863583
26825088189583
26825121515500
26825154841541
26825188167333
26825221493333
26825254819291
26825288145375
26825321471416
26825354797333
26825388123208
26825421449166
26825454775083
26825488101166
26825521427125
26825554752916
26825588078958
26825621405000
26825654730916
26825688056958
26825721382958
26825754708833
26825788034708
26825821360708
26825854686791
26825888012708
26825921338458
26825954664583
26825987990666
26826021316583
26826054642541
26826087968541
26826121294416
26826154620291
26826187946333
26826221272333
26826254598416
26826287924166
26826321250208
26826354576166
26826387902083
26826421228250
26826454554041
26826487880041
26826521206000
26826554532041
26826587857958
26826621184041
26826654509875
26826687835791
26826721161791
26826754487833
26826787813791
26826821139750
26826854465625
26826887791583
26826921117625
26826954443708
26826987769625
26827021095458
26827054421375
26827087747416
26827121073458
26827154399458
26827187725375
26827221051291
26827254377208
26827287703125
26827321029125
26827354355208
26827387681041
26827421007083
26827454333000
26827487659000
26827520985000
26827554311083
26827587636875
26827620962875
26827654288958
26827687614750
26827720940875
26827754266708
26827787592541
26827820918541
26827854244541
26827887570625
26827920896708
26827954222541
26827987548583
26828020874500
26828054200416
26828087526458
26828120852333
26828154178375
26828187504333
26828220830250
26828254156333
26828287482166
26828320808208
26828354134208
26828387460125
26828420786208
26828454112083
26828487437958
26828520764000
26828554089875
26828587415916
26828620741875
26828654067916
26828687393791
26828720719791
26828754045750
26828787371833
26828820697875
26828854023583
26828887349625
26828920675541
26828954001541
26828987327458
26829020653458
26829053979416
26829087305375
26829120631375
26829153957333
26829187283333
26829220609250
26829253935125
26829287261250
26829320587250
26829353913166
26829387239250
26829420565125
26829453891000
26829487217041
26829520542958
26829553868916
26829587194750
26829620520750
26829653846791
26829687172875
26829720498916
26829753824833
26829787150583
26829820476541
26829853802541
26829887128625
26829920454625
26829953780458
26829987106416
26830020432375
26830053758458
26830087084416
26830120410458
26830153736208
26830187062166
26830220388125
26830253714208
26830287040125
26830320366041
26830353692041
26830387018000
26830420344041
26830453670000
26830486995958
26830520321833
26830553647833
26830586973958
26830620299958
26830653625916
26830686951750
26830720277625
26830753603833
26830786929625
26830820255708
26830853581708
26830886907541
26830920233500
26830953559458
26830986885500
26831020211583
26831053537333
26831086863333
26831120189375
26831153515250
26831186841250
26831220167375
26831253493083
26831286819166
26831320145083
26831353471041
26831386797125
26831420122958
26831453449000
26831486774958
26831520100875
26831553426958
26831586753000
26831620078875
26831653404916
26831686730750
26831720056750
26831753382833
26831786708583
26831820034708
26831853360666
26831886686666
26831920012541
26831953338666
26831986664500
26832019990416
26832053316500
26832086642458
26832119968375
26832153294166
26832186620208
26832219946166
26832253272166
26832286598208
26832319924208
26832353250083
26832386576041
26832419901958
26832453228125
26832486553958
26832519879958
26832553205833
26832586531833
26832619857791
26832653183791
26832686509875
26832719835625
26832753161666
26832786487666
26832819813708
26832853139708
26832886465458
26832919791541
26832953117416
26832986443416
26833019769541
26833053095458
26833086421333
26833119747333
26833153073375
26833186399333
26833219725333
26833253051125
26833286377125
26833319703083
26833353029166
26833386355125
26833419681125
26833453006916
26833486332875
26833519658958
26833552984875
26833586310875
26833619636791
26833652962750
26833686288833
26833719614833
26833752940833
26833786266750
26833819592583
26833852918666
26833886244500
26833919570500
26833952896625
26833986222416
26834019548458
26834052874458
26834086200500
26834119526458
26834152852416
26834186178166
26834219504250
26834252830125
26834286156166
26834319482333
26834352808125
26834386134041
26834419460000
26834452786125
26834486112041
26834519438125
26834552763833
26834586089750
26834619415708
26834652741916
26834686067833
26834719393708
26834752719708
26834786045583
26834819371750
26834852697625
26834886023666
26834919349583
26834952675583
26834986001458
26835019327541
26835052653416
26835085979416
26835119305375
26835152631375
26835185957375
26835219283250
26835252609291
26835285935125
26835319261041
26835352587125
26835385913166
26835419239125
26835452565041
26835485890833
26835519216958
26835552542958
26835585868916
26835619194958
26835652520750
26835685846833
26835719172833
26835752498666
26835785824750
26835819150625
26835852476541
26835885802500
26835919128500
26835952454541
26835985780541
26836019106333
26836052432375
26836085758333
26836119084333
26836152410333
26836185736125
26836219062208
26836252388208
26836285714166
26836319040166
26836352366250
26836385692041
26836419018166
26836452344125
26836485670000
26836518996125
26836552321875
26836585647750
26836618973875
26836652299750
26836685625958
26836718951750
26836752277625
26836785603583
26836818929791
26836852255666
26836885581750
26836918907458
26836952233458
26836985559458
26837018885500
26837052211583
26837085537541
26837118863250
26837152189250
26837185515375
26837218841375
26837252167375
26837285493041
26837318819125
26837352145125
26837385471166
26837418797083
26837452123125
26837485449041
26837518775000
26837552100833
26837585427041
26837618752958
26837652078833
26837685404791
26837718730708
26837752056833
26837785382916
26837818708708
26837852034708
26837885360666
26837918686666
26837952012625
26837985338583
26838018664583
26838051990500
26838085316458
26838118642458
26838151968458
26838185294416
26838218620333
26838251946333
26838285272250
26838318598208
26838351924291
26838385250125
26838418576041
26838451902125
26838485228083
26838518554166
26838551880000
26838585205875
26838618532000
26838651857875
26838685183916
26838718509916
26838751835666
26838785161666
26838818487791
26838851813666
26838885139708
26838918465750
26838951791625
26838985117416
26839018443666
26839051769541
26839085095625
26839118421333
26839151747333
26839185073333
26839218399291
26839251725458
26839285051458
26839318377250
26839351703208
26839385029208
26839418355125
26839451681250
26839485007000
26839518333000
26839551659125
26839584985000
26839618311000
26839651636958
26839684962791
26839718288833
26839751614875
26839784940916
26839818266833
26839851592708
26839884918791
26839918244708
26839951570583
26839984896625
26840018222708
26840051548458
26840084874583
26840118200625
26840151526583
26840184852541
26840218178416
26840251504416
26840284830291
26840318156375
26840351482250
26840384808416
26840418134083
26840451460166
26840484786291
26840518112083
26840551438291
26840584764000
26840618089958
26840651416041
26840684742041
26840718068083
26840751394041
26840784719875
26840818045875
26840851371833
26840884697875
26840918023875
26840951349750
26840984675583
26841018001708
26841051327583
26841084653708
26841117979750
26841151305500
26841184631541
26841217957458
26841251283500
26841284609500
26841317935250
26841351261291
26841384587208
26841417913416
26841451239250
26841484565250
26841517891208
26841551217166
26841584543166
26841617869125
26841651195166
26841684521041
26841717847000
26841751173041
26841784498958
26841817825000
26841851151000
26841884476666
26841917802708
26841951128666
26841984454791
26842017780875
26842051106541
26842084432500
26842117758625
26842151084500
26842184410458
26842217736500
26842251062333
26842284388458
26842317714333
26842351040291
26842384366416
26842417692333
26842451018208
26842484344125
26842517670208
26842550996250
26842584322208
26842617648125
26842650974083
26842684300041
26842717626000
26842750952083
26842784277916
26842817603791
26842850929833
26842884255791
26842917581833
26842950907791
26842984233708
26843017559791
26843050885625
26843084211625
26843117537708
26843150863500
26843184189500
26843217515541
26843250841500
26843284167541
26843317493500
26843350819375
26843384145208
26843417471416
26843450797333
26843484123291
26843517449125
26843550775125
26843584101125
26843617427250
26843650753208
26843684079041
26843717404916
26843750730958
26843784056958
26843817382875
26843850709083
26843884034833
26843917360750
26843950686750
26843984012708
26844017338875
26844050664833
26844083990625
26844117316666
26844150642541
26844183968625
26844217294708
26844250620500
26844283946458
26844317272416
26844350598416
26844383924500
26844417250541
26844450576375
26844483902208
26844517228250
26844550554208
26844583880291
26844617206125
26844650532125
26844683858041
26844717184125
26844750510083
26844783836041
26844817161833
26844850487833
26844883813875
26844917140000
26844950466000
26844983791833
26845017117666
26845050443791
26845083769666
26845117095875
26845150421708
26845183747625
26845217073583
26845250399541
26845283725500
26845317051625
26845350377375
26845383703416
26845417029458
26845450355458
26845483681458
26845517007375
26845550333250
26845583659208
26845616985208
26845650311333
26845683637333
26845716963000
26845750289083
26845783615041
26845816941041
26845850267125
26845883593208
26845916918958
26845950244833
26845983571000
26846016896791
26846050222958
26846083548791
26846116874708
26846150200750
26846183526708
26846216852791
26846250178708
26846283504625
26846316830541
26846350156458
26846383482750
