27062002623791
27062035949708
27062069275750
27062102601833
27062135927833
27062169253875
27062202579666
27062235905666
27062269231750
27062302557791
27062335883833
27062369209750
27062402535750
27062435861750
27062469187750
27062502513916
27062535839916
27062569165875
27062602491708
27062635817750
27062669143833
27062702469833
27062735795625
27062769121666
27062802447750
27062835773750
27062869099791
27062902425833
27062935751708
27062969077750
27063002403875
27063035729875
27063069055958
27063102381666
27063135707833
27063169033750
27063202359791
27063235685875
27063269011916
27063302337708
27063335663833
27063368989875
27063402315833
27063435641833
27063468967750
27063502293791
27063535619833
27063568945750
27063602271833
27063635597958
27063668923750
27063702249791
27063735575916
27063768901833
27063802227958
27063835553875
27063868879875
27063902205750
27063935531875
27063968857875
27064002183958
27064035509750
27064068835791
27064102161791
27064135487916
27064168813916
27064202139791
27064235465833
27064268791916
27064302117875
27064335443875
27064368770000
27064402095750
27064435421791
27064468747916
27064502073875
27064535399958
27064568725875
27064602051875
27064635377791
27064668703916
27064702029791
27064735356041
27064768681833
27064802007791
27064835333875
27064868659875
27064901986000
27064935311875
27064968637875
27065001963916
27065035289875
27065068615916
27065101942000
27065135267875
27065168593833
27065201919875
27065235245916
27065268571958
27065301897875
27065335223916
27065368549916
27065401875875
27065435201916
27065468528000
27065501853833
27065535180000
27065568505916
27065601832041
27065635157916
27065668483833
27065701809916
27065735135875
27065768461958
27065801788000
27065835114083
27065868439833
27065901765958
27065935092000
27065968418083
27066001744125
27066035069833
27066068395958
27066101722000
27066135048125
27066168374041
27066201700083
27066235026041
27066268351875
27066301677958
27066335004125
27066368330000
27066401656000
27066434981958
27066468308000
27066501634041
27066534960083
27066568286208
27066601611875
27066634938041
27066668264000
27066701590125
27066734916041
27066768241958
27066801568083
27066834894083
27066868220000
27066901546000
27066934872041
27066968198041
27067001524000
27067034850125
27067068176000
27067101502125
27067134828083
27067168154000
27067201480041
27067234806083
27067268132083
27067301458166
27067334784083
27067368110125
27067401436166
27067434762166
27067468088208
27067501414166
27067534740166
27067568066125
27067601392250
27067634718166
27067668044166
27067701370166
27067734696083
27067768022166
27067801348083
27067834674333
27067868000000
27067901326208
27067934652250
27067967978333
27068001304208
27068034630375
27068067956166
27068101282166
27068134608125
27068167934166
27068201260125
27068234586083
27068267912041
27068301238125
27068334564125
27068367890291
27068401216250
27068434542041
27068467868208
27068501194166
27068534520250
27068567846208
27068601172041
27068634498208
27068667824250
27068701150125
27068734476291
27068767802291
27068801128208
27068834454250
27068867780291
27068901106208
27068934432333
27068967758208
27069001084208
27069034410291
27069067736333
27069101062375
27069134388291
27069167714291
27069201040333
27069234366291
27069267692375
27069301018291
27069334344166
27069367670208
27069400996250
27069434322250
27069467648333
27069500974333
27069534300208
27069567626291
27069600952333
27069634278416
27069667604375
27069700930166
27069734256208
27069767582375
27069800908333
27069834234333
27069867560500
27069900886333
27069934212416
27069967538333
27070000864375
27070034190333
27070067516291
27070100842375
27070134168250
27070167494333
27070200820416
27070234146500
27070267472375
27070300798416
27070334124416
27070367450458
27070400776458
27070434102208
27070467428333
27070500754416
27070534080458
27070567406458
27070600732375
27070634058333
27070667384250
27070700710458
27070734036375
27070767362500
27070800688375
27070834014333
27070867340458
27070900666500
27070933992416
27070967318541
27071000644333
27071033970500
27071067296375
27071100622541
27071133948583
27071167274291
27071200600333
27071233926416
27071267252416
27071300578458
27071333904541
27071367230458
27071400556458
27071433882500
27071467208583
27071500534583
27071533860458
27071567186500
27071600512541
27071633838458
27071667164458
27071700490625
27071733816500
27071767142541
27071800468458
27071833794541
27071867120583
27071900446500
27071933772458
27071967098416
27072000424500
27072033750541
27072067076541
27072100402458
27072133728541
27072167054583
27072200380541
27072233706666
27072267032500
27072300358458
27072333684541
27072367010541
27072400336583
27072433662583
27072466988458
27072500314541
27072533640625
27072566966500
27072600292625
27072633618541
27072666944500
27072700270666
27072733596583
27072766922708
27072800248750
27072833574541
27072866900541
27072900226500
27072933552708
27072966878583
27073000204500
27073033530583
27073066856625
27073100182666
27073133508666
27073166834750
27073200160625
27073233486708
27073266812708
27073300138750
27073333464666
27073366790583
27073400116666
27073433442625
27073466768791
27073500094791
27073533420833
27073566746541
27073600072708
27073633398666
27073666724708
27073700050833
27073733376583
27073766702708
27073800028708
27073833354750
27073866680750
27073900006708
27073933332708
27073966658791
27073999984708
27074033310875
27074066636833
27074099962708
27074133288666
27074166614666
27074199940875
27074233266875
27074266592833
27074299918791
27074333244750
27074366570708
27074399896791
27074433222791
27074466548750
27074499874791
27074533200708
27074566526958
27074599852833
27074633178916
27074666504875
27074699830791
27074733156916
27074766482875
27074799808958
27074833134750
27074866460791
27074899786791
27074933112833
27074966439041
27074999765000
27075033090750
27075066416750
27075099742875
27075133069000
27075166395125
27075199720833
27075233046833
27075266372875
27075299698958
27075333025083
27075366350958
27075399676958
27075433002875
27075466328916
27075499655000
27075532981000
27075566306791
27075599632958
27075632958916
27075666284958
27075699611000
27075732937083
27075766262958
27075799589000
27075832915041
27075866241083
27075899567125
27075932892916
27075966218875
27075999544958
27076032871000
27076066197041
27076099523166
27076132848958
27076166175041
27076199501041
27076232827083
27076266153083
27076299479000
27076332805083
27076366131000
27076399457125
27076432783166
27076466109083
27076499435083
27076532761125
27076566087041
27076599413166
27076632739166
27076666065000
27076699391041
27076732717125
27076766043125
27076799369166
27076832695208
27076866021000
27076899347083
27076932673083
27076965999125
27076999325166
27077032651000
27077065977041
27077099303208
27077132629208
27077165955250
27077199281166
27077232607083
27077265933250
27077299259166
27077332585375
27077365911375
27077399237208
27077432563166
27077465889291
27077499215250
27077532541250
27077565867375
27077599193125
27077632519083
27077665845291
27077699171291
27077732497375
27077765823083
27077799149166
27077832475250
27077865801333
27077899127291
27077932453333
27077965779166
27077999105208
27078032431291
27078065757333
27078099083375
27078132409166
27078165735291
27078199061166
27078232387375
27078265713250
27078299039416
27078332365291
27078365691375
27078399017333
27078432343416
27078465669416
27078498995333
27078532321333
27078565647416
27078598973333
27078632299416
27078665625500
27078698951375
27078732277416
27078765603333
27078798929500
27078832255458
27078865581333
27078898907416
27078932233416
27078965559458
27078998885500
27079032211500
27079065537416
27079098863458
27079132189500
27079165515500
27079198841458
27079232167333
27079265493458
27079298819375
27079332145583
27079365471583
27079398797625
27079432123375
27079465449500
27079498775500
27079532101500
27079565427666
27079598753541
27079632079416
27079665405583
27079698731541
27079732057541
27079765383625
27079798709500
27079832035541
27079865361708
27079898687583
27079932013583
27079965339500
27079998665625
27080031991666
27080065317666
27080098643583
27080131969625
27080165295583
27080198621500
27080231947583
27080265273666
27080298599708
27080331925625
27080365251625
27080398577625
27080431903625
27080465229708
27080498555833
27080531881625
27080565207583
27080598533750
27080631859708
27080665185791
27080698511583
27080731837625
27080765163583
27080798489791
27080831815833
27080865141833
27080898467625
27080931793708
27080965119750
27080998445708
27081031771791
27081065097708
27081098423708
27081131749666
27081165075750
27081198401916
27081231727875
27081265053666
27081298379833
27081331705875
27081365031833
27081398357833
27081431683833
27081465009750
27081498335791
27081531661833
27081564987875
27081598313916
27081631639708
27081664965791
27081698291833
27081731617958
27081764943833
27081798269833
27081831595833
27081864921958
27081898247958
27081931573916
27081964899958
27081998225958
27082031551833
27082064877958
27082098203833
27082131530041
27082164855750
27082198181875
27082231507916
27082264833875
27082298160000
27082331486041
27082364811833
27082398137916
27082431463958
27082464790083
27082498116000
27082531441958
27082564768000
27082598094000
27082631420041
27082664746083
27082698072083
27082731398000
27082764724000
27082798050000
27082831375958
27082864702041
27082898028000
27082931353958
27082964680125
27082998006041
27083031332083
27083064658208
27083097984041
27083131310083
27083164636208
27083197962083
27083231288125
27083264614041
27083297940125
27083331266083
27083364592125
27083397918208
27083431244125
27083464570041
27083497896000
27083531222000
27083564548125
27083597874083
27083631200125
27083664526041
27083697852083
27083731178250
27083764504333
27083797830250
27083831156125
27083864482083
27083897808208
27083931134208
27083964460250
27083997786166
27084031112208
27084064438208
27084097764333
27084131090375
27084164416333
27084197742125
27084231068250
27084264394333
27084297720291
27084331046458
27084364372333
27084397698375
27084431024375
27084464350375
27084497676375
27084531002416
27084564328291
27084597654416
27084630980500
27084664306458
27084697632458
27084730958458
27084764284416
27084797610458
27084830936625
27084864262541
27084897588708
27084930914500
27084964240541
27084997566500
27085030892541
27085064218666
27085097544625
27085130870583
27085164196625
27085197522791
27085230848833
27085264174708
27085297500708
27085330826708
27085364152750
27085397478833
27085430804958
27085464130666
27085497456875
27085530782875
27085564108875
27085597434875
27085630761166
27085664086916
27085697413000
27085730739041
27085764065000
27085797391083
27085830717000
27085864043166
27085897369000
27085930695083
27085964021041
27085997347166
27086030672958
27086063999000
27086097325083
27086130651125
27086163977166
27086197303041
27086230629083
27086263955250
27086297281291
27086330607291
27086363933416
27086397259250
27086430585250
27086463911291
27086497237291
27086530563458
27086563889458
27086597215416
27086630541416
27086663867458
27086697193458
27086730519500
27086763845333
27086797171458
27086830497458
27086863823625
27086897149541
27086930475500
27086963801416
27086997127625
27087030453583
27087063779625
27087097105791
27087130431500
27087163757625
27087197083666
27087230409708
27087263735750
27087297061666
27087330387583
27087363713666
27087397039708
27087430365833
27087463691750
27087497017791
27087530343708
27087563669791
27087596995833
27087630322041
27087663647791
27087696973958
27087730299958
27087763625958
27087796951875
27087830278125
27087863603958
27087896930041
27087930256083
27087963582083
27087996908125
27088030233916
27088063560000
27088096886000
27088130212000
27088163538250
27088196864166
27088230190041
27088263516208
27088296842083
27088330168333
27088363494208
27088396820041
27088430146250
27088463472333
27088496798250
27088530124291
27088563450375
27088596776333
27088630102250
27088663428375
27088696754375
27088730080458
27088763406333
27088796732333
27088830058458
27088863384416
27088896710583
27088930036583
27088963362500
27088996688375
27089030014416
27089063340541
27089096666625
27089129992500
27089163318416
27089196644625
27089229970625
27089263296708
27089296622666
27089329948625
27089363274625
27089396600666
27089429926666
27089463252791
27089496578500
27089529904833
27089563230750
27089596556666
27089629882791
27089663208916
27089696534791
27089729860916
27089763186833
27089796512916
27089829838958
27089863164958
27089896490875
27089929816958
27089963143083
27089996469125
27090029795166
27090063121000
27090096447083
27090129773083
27090163099083
27090196425250
27090229750958
27090263077000
27090296403208
27090329729250
27090363055166
27090396381250
27090429707000
27090463033083
27090496359250
27090529685250
27090563011291
27090596337125
27090629663083
27090662989333
27090696315250
27090729641333
27090762967333
27090796293208
27090829619250
27090862945375
27090896271250
27090929597333
27090962923291
27090996249458
27091029575458
27091062901583
27091096227541
27091129553583
27091162879375
27091196205333
27091229531458
27091262857583
27091296183625
27091329509458
27091362835458
27091396161541
27091429487583
27091462813625
27091496139666
27091529465500
27091562791541
27091596117708
27091629443833
27091662769833
27091696095750
27091729421750
27091762747833
27091796073875
27091829399791
27091862725875
27091896051791
27091929377625
27091962703708
27091996029875
27092029355875
27092062681750
27092096007791
27092129333833
27092162659833
27092195985958
27092229312000
27092262637833
27092295963958
27092329289875
27092362616041
27092395941958
27092429267875
27092462593958
27092495919958
27092529246125
27092562572041
27092595898208
27092629224041
27092662550041
27092695876166
27092729202083
27092762528250
27092795854083
27092829180250
27092862506166
27092895832291
27092929158291
27092962484333
27092995810291
27093029136250
27093062462208
27093095788375
27093129114250
27093162440291
27093195766250
27093229092291
27093262418416
27093295744375
27093329070375
27093362396333
27093395722333
27093429048500
27093462374500
27093495700541
27093529026291
27093562352375
27093595678541
27093629004500
27093662330500
27093695656500
27093728982416
27093762308541
27093795634625
27093828960625
27093862286583
27093895612625
27093928938666
27093962264625
27093995590750
27094028916708
27094062242750
27094095568708
27094128894625
27094162220750
27094195546750
27094228872833
27094262198791
27094295524708
27094328850666
27094362176875
27094395503000
27094428828958
27094462154833
27094495480791
27094528806958
27094562132916
27094595458916
27094628784791
27094662110958
27094695436916
27094728762958
27094762089041
27094795415041
27094828740958
27094862067000
27094895393083
27094928719166
27094962045125
27094995371000
27095028697041
27095062023041
27095095349208
27095128675250
27095162001250
27095195327083
27095228653208
27095261979041
27095295305166
27095328631208
27095361957208
27095395283125
27095428609250
27095461935291
27095495261291
27095528587416
27095561913375
27095595239250
27095628565250
27095661891416
27095695217458
27095728543333
27095761869375
27095795195333
27095828521416
27095861847500
27095895173625
27095928499416
27095961825458
27095995151416
27096028477458
27096061803541
27096095129375
27096128455416
27096161781666
27096195107625
27096228433666
27096261759708
27096295085625
27096328411666
27096361737666
27096395063708
27096428389916
27096461715583
27096495041708
27096528367791
27096561693833
27096595019791
27096628345916
27096661671791
27096694997916
27096728323791
27096761649791
27096794975833
27096828301708
27096861627625
27096894953916
27096928279875
27096961605916
27096994931916
27097028257916
27097061583833
27097094909958
27097128235958
27097161562000
27097194887833
27097228213916
27097261540000
27097294866083
27097328192125
27097361518083
27097394844000
27097428170166
27097461496166
27097494822083
27097528148208
27097561474208
27097594800208
27097628126166
27097661452250
27097694778291
27097728104375
27097761430166
27097794756291
27097828082208
27097861408250
27097894734333
27097928060291
27097961386250
27097994712416
27098028038458
27098061364333
27098094690500
27098128016291
27098161342416
27098194668291
27098227994541
27098261320583
27098294646416
27098327972375
27098361298416
27098394624583
27098427950541
27098461276625
27098494602416
27098527928500
27098561254500
27098594580500
27098627906708
27098661232583
27098694558625
27098727884541
27098761210583
27098794536708
27098827862791
27098861188541
27098894514666
27098927840666
27098961166708
27098994492708
27099027818666
27099061144750
27099094470708
27099127796791
27099161122916
27099194448958
27099227774791
27099261100833
27099294426833
27099327752916
27099361079000
27099394404791
27099427730916
27099461056958
27099494383000
27099527709083
27099561034958
27099594360958
27099627686833
27099661012958
27099694338958
27099727665125
27099760990875
27099794316916
27099827643041
27099860969041
27099894295166
27099927621125
27099960947083
27099994273041
27100027599041
27100060925083
27100094251291
27100127577083
27100160903083
27100194229208
27100227555250
27100260881333
27100294207250
27100327533083
27100360859166
27100394185208
27100427511291
27100460837291
27100494163291
27100527489208
27100560815250
27100594141375
27100627467333
27100660793500
27100694119291
27100727445375
27100760771291
27100794097500
27100827423500
27100860749333
27100894075416
27100927401375
27100960727458
27100994053541
27101027379500
27101060705375
27101094031500
27101127357458
27101160683625
27101194009708
27101227335666
27101260661750
27101293987750
27101327313625
27101360639750
27101393965708
27101427291708
27101460617666
27101493943708
27101527269708
27101560595833
27101593921708
27101627247625
27101660573625
27101693899750
27101727225833
27101760551833
27101793877833
27101827203791
27101860529833
27101893855750
27101927181833
27101960507875
27101993833750
27102027159916
27102060485875
27102093811958
27102127138000
27102160463750
27102193789916
27102227115958
27102260442000
27102293768041
27102327093916
27102360419875
27102393746041
27102427072083
27102460398000
27102493724125
27102527049833
27102560376083
27102593702000
27102627028041
27102660354166
27102693680125
27102727006083
27102760332083
27102793658208
27102826984166
27102860310291
27102893636083
27102926962208
27102960288125
27102993614291
27103026940333
27103060266166
27103093592250
27103126918375
27103160244333
27103193570291
27103226896333
27103260222250
27103293548375
27103326874250
27103360200416
27103393526458
27103426852250
27103460178333
27103493504375
27103526830416
27103560156458
27103593482416
27103626808291
27103660134416
27103693460500
27103726786416
27103760112541
27103793438458
27103826764375
27103860090416
27103893416583
27103926742541
27103960068625
27103993394541
27104026720583
27104060046541
27104093372541
27104126698583
27104160024500
27104193350541
27104226676625
27104260002750
27104293328708
27104326654791
27104359980541
27104393306583
27104426632583
27104459958666
27104493284666
27104526610625
27104559936666
27104593262708
27104626588833
27104659914833
27104693240916
27104726566750
27104759892875
27104793218791
27104826544833
27104859870916
27104893196666
27104926522833
27104959848958
27104993175000
27105026501083
27105059827041
27105093152875
27105126478916
27105159805041
27105193131041
27105226457083
27105259782958
27105293108958
27105326435041
27105359761125
27105393087125
27105426413125
27105459739000
27105493065041
27105526391041
27105559717083
27105593043250
27105626369166
27105659695208
27105693021166
27105726347166
27105759673208
27105792999250
27105826325041
27105859651208
27105892977208
27105926303250
27105959629333
27105992955125
27106026281208
27106059607166
27106092933291
27106126259375
27106159585375
27106192911250
27106226237250
27106259563375
27106292889458
27106326215333
27106359541333
27106392867333
27106426193500
27106459519416
27106492845458
27106526171416
27106559497500
27106592823375
27106626149416
27106659475500
27106692801583
27106726127291
27106759453541
27106792779500
27106826105500
27106859431583
27106892757666
27106926083583
27106959409625
27106992735625
27107026061708
27107059387625
27107092713416
27107126039625
27107159365625
27107192691625
27107226017625
27107259343791
27107292669666
27107325995708
27107359321750
27107392647666
27107425973750
27107459299708
27107492625625
27107525951708
27107559277708
27107592603750
27107625929875
27107659255708
27107692581666
27107725907791
27107759233875
27107792559833
27107825885791
27107859211875
27107892537916
27107925863833
27107959190000
27107992515958
27108025841875
27108059167875
27108092493958
27108125820083
27108159146041
27108192472000
27108225797916
27108259124000
27108292450083
27108325776000
27108359102083
27108392428000
27108425754041
27108459080166
27108492406166
27108525732208
27108559058000
27108592384000
27108625710166
27108659036000
27108692362208
27108725688125
27108759014125
27108792340208
27108825666208
27108858992250
27108892318333
27108925644125
27108958970208
27108992296208
27109025622208
27109058948250
27109092274250
27109125600166
27109158926166
27109192252291
27109225578291
27109258904416
27109292230333
27109325556333
27109358882416
27109392208500
27109425534416
27109458860541
27109492186375
27109525512375
27109558838416
27109592164458
27109625490458
27109658816458
27109692142375
27109725468583
27109758794500
27109792120583
27109825446666
27109858772625
27109892098541
27109925424583
27109958750666
27109992076750
27110025402500
27110058728458
27110092054583
27110125380625
27110158706750
27110192032750
27110225358666
27110258684708
27110292010708
27110325336791
27110358662708
27110391988625
27110425314708
27110458640708
27110491966875
27110525292875
27110558618875
27110591944708
27110625270833
27110658596916
27110691922875
27110725248958
27110758574833
27110791901041
27110825226916
27110858552958
27110891879000
27110925204916
27110958530791
27110991856916
27111025182958
27111058508958
27111091834958
27111125160875
27111158486958
27111191812916
27111225139083
27111258465166
27111291791083
27111325117000
27111358443041
27111391769041
27111425095125
27111458421250
27111491747041
27111525073125
27111558399208
27111591725208
27111625051250
27111658377208
27111691703166
27111725029125
27111758355250
27111791681166
27111825007208
27111858333041
27111891659166
27111924985333
27111958311291
27111991637375
27112024963500
27112058289458
27112091615333
27112124941416
27112158267458
27112191593666
27112224919458
27112258245333
27112291571375
27112324897500
27112358223500
27112391549500
27112424875500
27112458201416
27112491527416
27112524853583
27112558179625
27112591505333
27112624831458
27112658157500
27112691483583
27112724809541
27112758135666
27112791461500
27112824787583
27112858113583
27112891439666
27112924765666
27112958091458
27112991417625
27113024743666
27113058069625
27113091395666
27113124721791
27113158047666
27113191373666
27113224699708
27113258025833
27113291351875
27113324677708
27113358003750
27113391329791
27113424655833
27113457981958
27113491307916
27113524633875
27113557959833
27113591285791
27113624611958
27113657937875
27113691263791
27113724589791
27113757915958
27113791241875
27113824567916
27113857894083
27113891219958
27113924545958
27113957872000
27113991198000
27114024524166
27114057850041
27114091176083
27114124502083
27114157828166
27114191154125
27114224480125
27114257805958
27114291132125
27114324458083
27114357784166
27114391110250
27114424436125
27114457762208
27114491088208
27114524414125
27114557740250
27114591066250
27114624392208
27114657718333
27114691044250
27114724370375
27114757696333
27114791022208
27114824348333
27114857674375
27114891000333
27114924326458
27114957652416
27114990978250
27115024304333
27115057630333
27115090956500
27115124282500
27115157608416
27115190934458
27115224260416
27115257586541
27115290912541
27115324238583
27115357564333
27115390890541
27115424216541
27115457542625
27115490868625
27115524194500
27115557520500
27115590846625
27115624172541
27115657498750
27115690824708
27115724150625
27115757476625
27115790802666
27115824128708
27115857454791
27115890780583
27115924106541
27115957432750
27115990758666
27116024084833
27116057410916
27116090736583
27116124062791
27116157388750
27116190714916
27116224040833
27116257366750
27116290692750
27116324018916
27116357344958
27116390670833
27116423997083
27116457322750
27116490648875
27116523974916
27116557301000
27116590627041
27116623952958
27116657279000
27116690604958
27116723930958
27116757257125
27116790583083
27116823909000
27116857235000
27116890560958
27116923887083
27116957213083
27116990539083
27117023865041
27117057191041
27117090517083
27117123843250
27117157169208
27117190495041
27117223821166
27117257147125
27117290473125
27117323799291
27117357125166
27117390451208
27117423777291
27117457103250
27117490429291
27117523755333
27117557081208
27117590407333
27117623733291
27117657059375
27117690385375
27117723711208
27117757037333
27117790363291
27117823689291
27117857015500
27117890341541
27117923667250
27117956993291
27117990319416
27118023645416
27118056971583
27118090297333
27118123623458
27118156949458
27118190275416
27118223601625
27118256927666
27118290253458
27118323579541
27118356905625
27118390231625
27118423557625
27118456883500
27118490209458
27118523535500
27118556861666
27118590187666
27118623513750
27118656839625
27118690165625
27118723491666
27118756817666
27118790143750
27118823469666
27118856795708
27118890121708
27118923447708
27118956773708
27118990099916
27119023425708
27119056751708
27119090077750
27119123403791
27119156729916
27119190055750
27119223381750
27119256707833
27119290033875
27119323360000
27119356686000
27119390011875
27119423337875
27119456663875
27119489989916
27119523315958
27119556641833
27119589967875
27119623293958
27119656620041
27119689946125
27119723272083
27119756597875
27119789924000
27119823249958
27119856576083
27119889902208
27119923227916
27119956554000
27119989880125
27120023206041
27120056532208
27120089858250
27120123184083
27120156510166
27120189836208
27120223162125
27120256488250
27120289814208
27120323140166
27120356466291
27120389792208
27120423118416
27120456444375
27120489770208
27120523096375
27120556422416
27120589748291
27120623074375
27120656400291
27120689726291
27120723052375
27120756378416
27120789704375
27120823030625
27120856356333
27120889682416
27120923008541
27120956334541
27120989660500
27121022986375
27121056312416
27121089638458
27121122964625
27121156290583
27121189616666
27121222942541
27121256268625
27121289594625
27121322920666
27121356246625
27121389572583
27121422898583
27121456224625
27121489550791
27121522876750
27121556202875
27121589528666
27121622854708
27121656180791
27121689506750
27121722832833
27121756158708
27121789484833
27121822810666
27121856136833
27121889462958
27121922788833
27121956114750
27121989440875
27122022766791
27122056092958
27122089419000
27122122744833
27122156071000
27122189396916
27122222723083
27122256049041
27122289375041
27122322701000
27122356027083
27122389353083
27122422679041
27122456005083
27122489330958
27122522657083
27122555983125
27122589309125
27122622635208
27122655961125
27122689287166
27122722613125
27122755939166
27122789265208
27122822591291
27122855917041
27122889243041
27122922569166
27122955895291
27122989221333
27123022547291
27123055873250
27123089199208
27123122525250
27123155851375
27123189177416
27123222503166
27123255829208
27123289155291
27123322481333
27123355807500
27123389133375
27123422459291
27123455785416
27123489111416
27123522437541
27123555763500
27123589089375
27123622415333
27123655741375
27123689067541
27123722393500
27123755719541
27123789045500
27123822371416
27123855697500
27123889023500
27123922349583
27123955675541
27123989001541
27124022327541
27124055653583
27124088979666
27124122305708
27124155631625
27124188957625
27124222283583
27124255609625
27124288935791
27124322261666
27124355587791
27124388913791
27124422239750
27124455565833
27124488891875
27124522217625
27124555543708
27124588869833
27124622195875
27124655521833
27124688847875
27124722173916
27124755499875
27124788825916
27124822152000
27124855477916
27124888803875
27124922129833
27124955455958
27124988782000
27125022108083
27125055433958
27125088760125
27125122086041
27125155412125
27125188738166
27125222064083
27125255389916
27125288716125
27125322042166
27125355368083
27125388694166
27125422020125
27125455346208
27125488672083
27125521998166
27125555324208
27125588650250
27125621976083
27125655302208
27125688628166
27125721954250
27125755280291
27125788606125
27125821932166
27125855258208
27125888584333
27125921910375
27125955236458
27125988562208
27126021888375
27126055214416
27126088540541
27126121866458
27126155192416
27126188518416
27126221844333
27126255170458
27126288496500
27126321822500
27126355148375
27126388474500
27126421800541
27126455126583
27126488452666
27126521778541
27126555104458
27126588430500
27126621756625
27126655082708
27126688408625
27126721734583
27126755060541
27126788386541
27126821712666
27126855038708
27126888364541
27126921690666
27126955016750
27126988342666
27127021668791
27127054994750
27127088320666
27127121646791
27127154972833
27127188298833
27127221624875
27127254950708
27127288276833
27127321602791
27127354928958
27127388254958
27127421581000
27127454906875
27127488232833
27127521559000
27127554885000
27127588211125
27127621536916
27127654862875
27127688188958
27127721515041
27127754841041
27127788167125
27127821493000
27127854818958
27127888145041
27127921471125
27127954797125
27127988123041
27128021449208
27128054775250
27128088101208
27128121427333
27128154753333
27128188079208
27128221405125
27128254731333
27128288057250
27128321383333
27128354709250
27128388035250
27128421361416
27128454687458
27128488013416
27128521339458
27128554665375
27128587991375
27128621317416
27128654643625
27128687969625
27128721295416
27128754621500
27128787947708
27128821273666
27128854599791
27128887925708
27128921251666
27128954577708
27128987903750
27129021229708
27129054555791
27129087881666
27129121207708
27129154533833
27129187859833
27129221185875
27129254512041
27129287837916
27129321164000
27129354490083
27129387816000
27129421142041
27129454468041
27129487794083
27129521120083
27129554446041
27129587772166
27129621098166
27129654424041
27129687750166
27129721076250
27129754402250
27129787728375
27129821054166
27129854380250
27129887706458
27129921032375
27129954358416
27129987684375
27130021010416
27130054336583
27130087662583
27130120988500
27130154314625
27130187640416
27130220966583
27130254292583
27130287618666
27130320944666
27130354270791
27130387596666
27130420922875
27130454248833
27130487574958
27130520900875
27130554226750
27130587552750
27130620878916
27130654204958
27130687531125
27130720857041
27130754182916
27130787508958
27130820835000
27130854161041
27130887487125
27130920813041
27130954139000
27130987465250
27131020791208
27131054117250
27131087443291
27131120769208
27131154095333
27131187421250
27131220747458
27131254073375
27131287399291
27131320725291
27131354051458
27131387377541
27131420703458
27131454029625
27131487355375
27131520681625
27131554007583
27131587333583
27131620659708
27131653985583
27131687311500
27131720637625
27131753963750
27131787289750
27131820615750
27131853941750
27131887267791
27131920593791
27131953919833
27131987245791
27132020571833
27132053897750
27132087224000
27132120550000
27132153876000
27132187202083
27132220527916
27132253853958
27132287179958
27132320506041
27132353832166
27132387158000
27132420484208
27132453810250
27132487136208
27132520462250
27132553788166
27132587114083
27132620440125
27132653766208
27132687092291
27132720418333
27132753744333
27132787070416
27132820396291
27132853722375
27132887048416
27132920374583
27132953700333
27132987026375
27133020352541
27133053678625
27133087004541
