27185075587541
27185108913541
27185142239541
27185175565541
27185208891666
27185242217541
27185275543625
27185308869583
27185342195708
27185375521541
27185408847583
27185442173708
27185475499750
27185508825791
27185542151666
27185575477625
27185608803625
27185642129833
27185675455750
27185708781875
27185742107583
27185775433666
27185808759833
27185842085833
27185875411833
27185908737875
27185942063833
27185975389875
27186008715833
27186042041916
27186075368083
27186108693875
27186142019916
27186175345916
27186208672041
27186241998041
27186275324000
27186308649958
27186341976041
27186375302083
27186408628166
27186441954166
27186475279958
27186508606125
27186541932083
27186575258250
27186608584083
27186641910083
27186675236250
27186708562250
27186741888208
27186775214416
27186808540416
27186841866208
27186875192250
27186908518291
27186941844375
27186975170458
27187008496250
27187041822333
27187075148250
27187108474375
27187141800416
27187175126458
27187208452375
27187241778500
27187275104375
27187308430458
27187341756541
27187375082375
27187408408416
27187441734541
27187475060625
27187508386625
27187541712625
27187575038500
27187608364625
27187641690583
27187675016750
27187708342666
27187741668666
27187774994541
27187808320625
27187841646708
27187874972833
27187908298833
27187941624583
27187974950708
27188008276750
27188041602791
27188074928833
27188108254750
27188141580833
27188174906875
27188208232875
27188241558875
27188274885000
27188308210791
27188341536958
27188374862916
27188408189041
27188441515125
27188474840958
27188508166875
27188541493041
27188574819125
27188608145125
27188641471041
27188674797041
27188708122958
27188741449000
27188774775041
27188808101083
27188841427083
27188874753166
27188908078875
27188941405208
27188974731250
27189008057291
27189041383166
27189074709250
27189108035333
27189141361291
27189174687333
27189208013250
27189241339208
27189274665416
27189307991375
27189341317500
27189374643333
27189407969250
27189441295333
27189474621375
27189507947416
27189541273625
27189574599375
27189607925541
27189641251541
27189674577500
27189707903625
27189741229541
27189774555458
27189807881500
27189841207666
27189874533583
27189907859708
27189941185541
27189974511541
27190007837583
27190041163750
27190074489791
27190107815833
27190141141625
27190174467791
27190207793833
27190241119750
27190274445875
27190307771833
27190341097791
27190374423750
27190407749916
27190441075833
27190474402000
27190507727875
27190541053875
27190574379958
27190607706041
27190641032125
27190674357791
27190707684125
27190741010125
27190774335958
27190807662083
27190840988125
27190874313916
27190907640041
27190940966083
27190974292083
27191007618208
27191040944083
27191074270125
27191107596125
27191140922208
27191174248208
27191207574291
27191240900250
27191274226250
27191307552333
27191340878375
27191374204375
27191407530291
27191440856250
27191474182416
27191507508333
27191540834416
27191574160583
27191607486333
27191640812416
27191674138375
27191707464541
27191740790583
27191774116375
27191807442416
27191840768541
27191874094583
27191907420583
27191940746791
27191974072500
27192007398541
27192040724625
27192074050750
27192107376750
27192140702583
27192174028750
27192207354750
27192240680666
27192274006875
27192307332750
27192340658666
27192373984666
27192407310875
27192440636750
27192473962791
27192507288750
27192540614875
27192573940833
27192607266916
27192640593041
27192673919083
27192707244958
27192740570958
27192773896875
27192807223000
27192840549166
27192873874958
27192907201041
27192940526958
27192973853000
27193007179166
27193040505166
27193073831000
27193107157041
27193140483125
27193173809125
27193207135291
27193240461166
27193273787250
27193307113250
27193340439250
27193373765333
27193407091458
27193440417208
27193473743250
27193507069208
27193540395291
27193573721333
27193607047250
27193640373333
27193673699416
27193707025333
27193740351541
27193773677500
27193807003333
27193840329416
27193873655583
27193906981583
27193940307541
27193973633500
27194006959500
27194040285416
27194073611541
27194106937625
27194140263750
27194173589583
27194206915625
27194240241750
27194273567791
27194306893750
27194340219625
27194373545666
27194406871833
27194440197791
27194473523791
27194506849875
27194540175666
27194573501750
27194606827791
27194640153750
27194673479958
27194706805750
27194740131791
27194773457875
27194806783916
27194840109875
27194873436125
27194906761875
27194940087916
27194973413916
27195006740083
27195040065958
27195073391916
27195106717916
27195140044125
27195173370000
27195206696083
27195240022208
27195273348125
27195306674166
27195340000208
27195373326208
27195406652208
27195439978041
27195473304291
27195506630333
27195539956333
27195573282333
27195606608291
27195639934291
27195673260250
27195706586416
27195739912375
27195773238458
27195806564333
27195839890375
27195873216416
27195906542458
27195939868500
27195973194583
27196006520583
27196039846375
27196073172541
27196106498500
27196139824625
27196173150500
27196206476458
27196239802666
27196273128666
27196306454625
27196339780750
27196373106583
27196406432625
27196439758666
27196473084708
27196506410791
27196539736583
27196573062666
27196606388750
27196639714708
27196673040750
27196706366791
27196739692791
27196773018750
27196806344958
27196839670916
27196872996916
27196906322750
27196939649000
27196972975000
27197006301000
27197039627083
27197072953166
27197106278958
27197139604958
27197172931041
27197206257083
27197239583208
27197272908916
27197306235041
27197339561208
27197372887083
27197406213208
27197439539333
27197472865125
27197506191333
27197539517250
27197572843250
27197606169458
27197639495166
27197672821291
27197706147375
27197739473333
27197772799458
27197806125541
27197839451291
27197872777375
27197906103375
27197939429500
27197972755541
27198006081458
27198039407500
27198072733416
27198106059583
27198139385625
27198172711666
27198206037583
27198239363583
27198272689666
27198306015625
27198339341708
27198372667583
27198405993583
27198439319625
27198472645791
27198505971833
27198539297916
27198572623750
27198605949875
27198639275833
27198672601875
27198705927875
27198739253750
27198772579791
27198805905875
27198839231958
27198872558000
27198905884000
27198939209958
27198972535958
27199005862041
27199039188083
27199072514083
27199105840041
27199139166083
27199172492125
27199205818000
27199239144166
27199272470291
27199305796166
27199339122125
27199372448208
27199405774208
27199439100333
27199472426125
27199505752166
27199539078291
27199572404166
27199605730375
27199639056375
27199672382291
27199705708250
27199739034500
27199772360458
27199805686416
27199839012458
27199872338333
27199905664500
27199938990541
27199972316500
27200005642583
27200038968541
27200072294541
27200105620666
27200138946750
27200172272791
27200205598625
27200238924750
27200272250666
27200305576666
27200338902833
27200372228833
27200405554750
27200438880666
27200472206708
27200505532750
27200538858875
27200572184833
27200605510791
27200638836958
27200672162916
27200705489041
27200738815041
27200772141000
27200805467000
27200838792958
27200872119125
27200905445166
27200938771041
27200972097083
27201005423125
27201038749166
27201072075125
27201105401291
27201138727083
27201172053166
27201205379208
27201238705208
27201272031208
27201305357125
27201338683083
27201372009291
27201405335416
27201438661458
27201471987416
27201505313333
27201538639458
27201571965416
27201605291500
27201638617500
27201671943375
27201705269333
27201738595375
27201771921500
27201805247541
27201838573708
27201871899541
27201905225583
27201938551708
27201971877625
27202005203708
27202038529541
27202071855625
27202105181708
27202138507791
27202171833833
27202205159833
27202238485750
27202271811750
27202305137750
27202338463833
27202371789750
27202405115666
27202438441708
27202471767750
27202505093875
27202538420000
27202571745958
27202605071916
27202638398000
27202671724041
27202705050000
27202738376125
27202771701958
27202805027916
27202838354000
27202871680166
27202905006166
27202938332208
27202971658041
27203004984208
27203038310166
27203071636250
27203104962250
27203138288250
27203171614208
27203204940166
27203238266250
27203271592416
27203304918333
27203338244208
27203371570291
27203404896333
27203438222375
27203471548333
27203504874333
27203538200291
27203571526500
27203604852416
27203638178500
27203671504500
27203704830375
27203738156541
27203771482541
27203804808625
27203838134625
27203871460416
27203904786500
27203938112541
27203971438708
27204004764708
27204038090750
27204071416666
27204104742750
27204138068791
27204171394916
27204204720750
27204238046625
27204271372750
27204304698833
27204338024875
27204371350833
27204404676958
27204438002875
27204471328875
27204504654958
27204537980916
27204571307125
27204604632958
27204637958916
27204671284916
27204704611000
27204737937125
27204771263166
27204804589083
27204837915083
27204871241083
27204904567166
27204937893375
27204971219125
27205004545166
27205037871166
27205071197333
27205104523250
27205137849333
27205171175250
27205204501291
27205237827375
27205271153333
27205304479375
27205337805291
27205371131250
27205404457416
27205437783416
27205471109541
27205504435583
27205537761458
27205571087458
27205604413583
27205637739625
27205671065708
27205704391625
27205737717625
27205771043666
27205804369666
27205837695750
27205871021833
27205904347666
27205937673750
27205970999791
27206004325750
27206037651833
27206070977625
27206104303750
27206137629833
27206170955958
27206204281916
27206237607916
27206270933875
27206304259875
27206337585916
27206370911916
27206404238125
27206437563958
27206470889958
27206504215958
27206537542125
27206570868041
27206604194208
27206637520041
27206670846125
27206704172041
27206737498000
27206770824291
27206804150125
27206837476083
27206870802166
27206904128333
27206937454291
27206970780333
27207004106333
27207037432333
27207070758416
27207104084333
27207137410500
27207170736375
27207204062416
27207237388500
27207270714375
27207304040583
27207337366666
27207370692416
27207404018458
27207437344625
27207470670625
27207503996625
27207537322416
27207570648583
27207603974583
27207637300750
27207670626791
27207703952875
27207737278666
27207770604750
27207803930750
27207837256833
27207870582833
27207903908791
27207937234791
27207970560916
27208003887000
27208037213041
27208070539000
27208103864916
27208137190916
27208170516958
27208203842916
27208237169041
27208270494958
27208303821041
27208337147125
27208370473166
27208403799208
27208437125250
27208470451041
27208503777083
27208537103208
27208570429291
27208603755291
27208637081125
27208670407166
27208703733291
27208737059250
27208770385291
27208803711375
27208837037416
27208870363375
27208903689291
27208937015458
27208970341500
27209003667333
27209036993541
27209070319416
27209103645625
27209136971583
27209170297708
27209203623541
27209236949625
27209270275666
27209303601625
27209336927708
27209370253583
27209403579583
27209436905750
27209470231750
27209503557875
27209536883916
27209570209666
27209603535791
27209636861750
27209670187833
27209703514000
27209736839750
27209770165916
27209803491916
27209836817958
27209870144125
27209903470083
27209936796000
27209970122041
27210003448125
27210036774083
27210070100041
27210103426000
27210136752166
27210170078125
27210203404250
27210236730250
27210270056291
27210303382208
27210336708208
27210370034166
27210403360208
27210436686291
27210470012208
27210503338250
27210536664291
27210569990458
27210603316416
27210636642416
27210669968291
27210703294458
27210736620458
27210769946541
27210803272541
27210836598416
27210869924541
27210903250625
27210936576583
27210969902583
27211003228750
27211036554666
27211069880666
27211103206791
27211136532833
27211169858708
27211203184708
27211236510750
27211269836708
27211303162875
27211336488791
27211369814833
27211403140875
27211436466958
27211469792958
27211503119083
27211536445041
27211569770916
27211603097083
27211636423083
27211669749000
27211703075125
27211736401125
27211769726958
27211803053000
27211836379083
27211869705208
27211903031250
27211936357166
27211969683250
27212003009333
27212036335416
27212069661291
27212102987375
27212136313166
27212169639291
27212202965416
27212236291375
27212269617375
27212302943375
27212336269458
27212369595333
27212402921583
27212436247541
27212469573583
27212502899375
27212536225541
27212569551583
27212602877625
27212636203625
27212669529625
27212702855666
27212736181666
27212769507583
27212802833750
27212836159833
27212869485708
27212902811666
27212936137791
27212969463875
27213002789875
27213036115708
27213069441666
27213102767791
27213136093875
27213169419875
27213202746000
27213236071833
27213269397958
27213302723958
27213336050083
27213369375958
27213402701916
27213436028083
27213469353958
27213502680166
27213536006208
27213569332166
27213602658250
27213635984125
27213669310166
27213702636333
27213735962416
27213769288291
27213802614125
27213835940208
27213869266333
27213902592291
27213935918416
27213969244250
27214002570416
27214035896458
27214069222375
27214102548500
27214135874458
27214169200583
27214202526583
27214235852625
27214269178666
27214302504625
27214335830458
27214369156625
27214402482708
27214435808666
27214469134750
27214502460666
27214535786708
27214569112750
27214602438875
27214635764750
27214669090916
27214702416875
27214735742791
27214769069000
27214802394791
27214835720958
27214869046750
27214902372833
27214935698916
27214969024916
27215002351000
27215035677125
27215069003000
27215102329125
27215135655083
27215168981166
27215202307291
27215235632583
27215268959041
27215302285125
27215335611166
27215368937291
27215402263208
27215435589083
27215468915208
27215502241375
27215535567166
27215568893375
27215602219166
27215635545375
27215668871375
27215702197500
27215735523500
27215768849625
27215802175416
27215835501458
27215868827500
27215902153583
27215935479625
27215968805416
27216002131416
27216035457583
27216068783583
27216102109708
27216135435833
27216168761708
27216202087625
27216235413625
27216268739708
27216302065708
27216335391708
27216368717708
27216402043750
27216435370000
27216468695833
27216502021958
27216535347916
27216568673875
27216602000083
27216635325958
27216668652041
27216701977875
27216735303916
27216768630000
27216801956125
27216835282166
27216868608125
27216901934000
27216935260083
27216968586208
27217001912250
27217035238250
27217068564083
27217101890208
27217135216333
27217168542333
27217201868291
27217235194291
27217268520333
27217301846250
27217335172291
27217368498458
27217401824416
27217435150500
27217468476333
27217501802541
27217535128583
27217568454458
27217601780541
27217635106541
27217668432625
27217701758541
27217735084625
27217768410708
27217801736458
27217835062583
27217868388750
27217901714708
27217935040833
27217968366791
27218001692750
27218035018750
27218068344833
27218101670958
27218134996916
27218168322833
27218201648833
27218234974916
27218268300833
27218301626958
27218334953041
27218368279000
27218401604875
27218434931000
27218468257041
27218501583125
27218534908916
27218568234958
27218601561000
27218634887291
27218668213166
27218701539208
27218734865125
27218768191125
27218801517250
27218834843250
27218868169291
27218901495083
27218934821291
27218968147291
27219001473458
27219034799416
27219068125500
27219101451333
27219134777458
27219168103416
27219201429458
27219234755541
27219268081416
27219301407416
27219334733500
27219368059583
27219401385708
27219434711708
27219468037708
27219501363583
27219534689583
27219568015666
27219601341958
27219634667916
27219667993958
27219701320000
27219734646000
27219767971958
27219801297916
27219834623916
27219867949875
27219901276125
27219934602083
27219967928166
27220001253958
27220034580000
27220067905958
27220101232250
27220134558333
27220167884250
27220201210208
27220234536166
27220267862250
27220301188208
27220334514500
27220367840250
27220401166375
27220434492333
27220467818458
27220501144375
27220534470541
27220567796500
27220601122500
27220634448541
27220667774583
27220701100583
27220734426333
27220767752375
27220801078708
27220834404666
27220867730625
27220901056708
27220934382708
27220967708625
27221001034625
27221034360666
27221067686875
27221101012541
27221134338583
27221167664750
27221200990708
27221234316708
27221267642916
27221300968875
27221334294750
27221367620958
27221400947041
27221434272958
27221467598750
27221500924875
27221534251125
27221567577041
27221600903083
27221634229125
27221667555041
27221700881166
27221734206958
27221767533166
27221800859291
27221834185041
27221867511125
27221900837333
27221934163166
27221967489291
27222000815250
27222034141375
27222067467458
27222100793333
27222134119291
27222167445458
27222200771333
27222234097375
27222267423583
27222300749500
27222334075625
27222367401500
27222400727458
27222434053541
27222467379583
27222500705666
27222534031750
27222567357583
27222600683541
27222634009541
27222667335708
27222700661750
27222733987916
27222767313708
27222800639791
27222833965791
27222867291833
27222900617833
27222933943791
27222967269875
27223000596000
27223033921875
27223067248041
27223100574083
27223133900083
27223167225916
27223200552125
27223233878166
27223267204125
27223300530208
27223333856291
27223367182333
27223400508250
27223433834250
27223467160541
27223500486375
27223533812458
27223567138416
27223600464541
27223633790541
27223667116541
27223700442666
27223733768750
27223767094625
27223800420666
27223833746625
27223867072583
27223900398666
27223933724750
27223967050750
27224000376958
27224033702833
27224067028875
27224100354916
27224133681166
27224167007083
27224200333083
27224233659041
27224266984958
27224300311208
27224333637083
27224366963208
27224400289125
27224433615208
27224466941291
27224500267250
27224533593333
27224566919500
27224600245291
27224633571250
27224666897666
27224700223541
27224733549458
27224766875583
27224800201583
27224833527541
27224866853666
27224900179666
27224933505791
27224966831750
27225000157666
27225033483916
27225066809916
27225100136000
27225133461833
27225166788000
27225200113958
27225233440041
27225266766208
27225300092208
27225333418000
27225366744083
27225400070000
27225433396208
27225466722375
27225500048250
27225533374291
27225566700416
27225600026333
27225633352541
27225666678458
27225700004458
27225733330500
27225766656625
27225799982666
27225833308666
27225866634625
27225899960666
27225933286708
27225966612750
27225999938875
27226033264916
27226066590875
27226099917000
27226133243000
27226166568916
27226199895000
27226233220916
27226266547041
27226299873125
27226333199166
27226366525291
27226399851291
27226433177333
27226466503250
27226499829416
27226533155333
27226566481416
27226599807250
27226633133375
27226666459333
27226699785458
27226733111625
27226766437583
27226799763500
27226833089583
27226866415750
27226899741625
27226933067708
27226966393750
27226999719708
27227033045750
27227066371916
27227099697958
27227133024000
27227166349916
27227199676000
27227233002125
27227266327958
27227299654083
27227332979958
27227366306125
27227399632083
27227432958166
27227466284375
27227499610375
27227532936291
27227566262291
27227599588333
27227632914458
27227666240541
27227699566333
27227732892416
27227766218500
27227799544666
27227832870625
27227866196750
27227899522583
27227932848625
27227966174708
27227999500708
27228032826791
27228066152750
27228099478833
27228132804833
27228166130875
27228199457041
27228232783125
27228266108916
27228299434958
27228332761041
27228366087041
27228399413166
27228432739041
27228466065125
27228499391250
27228532717291
27228566043375
27228599369291
27228632695333
27228666021291
27228699347541
27228732673458
27228765999583
27228799325500
27228832651583
27228865977583
27228899303625
27228932629666
27228965955750
27228999281625
27229032607750
27229065933750
27229099259791
27229132585916
27229165911833
27229199237875
27229232563833
27229265889958
27229299216000
27229332542125
27229365868000
27229399194125
27229432520041
27229465846291
27229499172250
27229532498208
27229565824166
27229599150250
27229632476291
27229665802333
27229699128458
27229732454250
27229765780458
27229799106375
27229832432458
27229865758500
27229899084416
27229932410541
27229965736708
27229999062666
27230032388833
27230065714750
27230099040625
27230132366625
27230165692708
27230199018833
27230232344875
27230265670750
27230298996833
27230332322958
27230365649041
27230398975166
27230432301208
27230465627125
27230498953083
27230532279208
27230565605291
27230598931333
27230632257291
27230665583375
27230698909375
27230732235416
27230765561458
27230798887458
27230832213333
27230865539416
27230898865583
27230932191625
27230965517541
27230998843625
27231032169625
27231065495666
27231098821666
27231132147708
27231165473833
27231198799791
27231232125833
27231265451916
27231298777791
27231332103958
27231365429750
27231398755875
27231432081958
27231465408125
27231498734166
27231532060166
27231565386000
27231598712125
27231632038125
27231665364333
27231698690375
27231732016125
27231765342291
27231798668291
27231831994333
27231865320416
27231898646500
27231931972291
27231965298500
27231998624416
27232031950583
27232065276583
27232098602541
27232131928541
27232165254625
27232198580666
27232231906750
27232265232750
27232298558625
27232331884666
27232365210791
27232398537000
27232431863000
27232465188791
27232498514833
27232531841000
27232565166958
27232598493041
27232631819166
27232665145083
27232698471041
27232731797083
27232765123208
27232798449333
27232831775208
27232865101166
27232898427250
27232931753333
27232965079333
27232998405416
27233031731416
27233065057458
27233098383416
27233131709583
27233165035500
27233198361416
27233231687458
27233265013541
27233298339708
27233331665750
27233364991708
27233398317625
27233431643791
27233464969875
27233498295750
27233531622000
27233564947833
27233598273958
27233631599833
27233664926000
27233698252083
27233731578083
27233764903958
27233798230041
27233831556083
27233864882083
27233898208208
27233931534125
27233964860250
27233998186250
27234031512375
27234064838458
27234098164416
27234131490416
27234164816375
27234198142541
27234231468416
27234264794583
27234298120291
27234331446500
27234364772625
27234398098583
27234431424666
27234464750791
27234498076541
27234531402750
27234564728750
27234598054875
27234631380791
27234664706750
27234698032833
27234731358916
27234764685000
27234798011041
27234831337083
27234864662875
27234897989000
27234931315041
27234964641083
27234997967125
27235031293041
27235064619083
27235097945125
27235131271208
27235164597291
27235197923291
27235231249250
27235264575333
27235297901333
27235331227416
27235364553500
27235397879375
27235431205375
27235464531625
27235497857625
27235531183708
27235564509625
27235597835583
27235631161708
27235664487708
27235697813708
27235731139708
27235764465666
27235797791791
27235831117666
27235864443916
27235897769875
27235931095916
27235964421833
27235997747916
27236031073958
27236064400000
27236097726125
27236131051916
27236164377958
27236197704166
27236231030208
27236264356083
27236297682208
27236331008208
27236364334291
27236397660333
27236430986458
27236464312500
27236497638375
27236530964375
27236564290416
27236597616458
27236630942500
27236664268500
27236697594500
27236730920583
27236764246541
27236797572708
27236830898750
27236864224625
27236897550750
27236930876750
27236964202875
27236997528875
27237030855000
27237064180791
27237097506875
27237130832916
27237164158916
27237197485083
27237230811041
27237264137083
27237297463000
27237330789166
27237364115166
27237397441166
27237430767208
27237464093250
27237497419416
27237530745541
27237564071541
27237597397333
27237630723333
27237664049416
27237697375458
27237730701500
27237764027541
27237797353416
27237830679500
27237864005666
27237897331708
27237930657583
27237963983583
27237997309666
27238030635708
27238063961708
27238097287833
27238130613833
27238163939833
27238197265833
27238230591833
27238263917875
27238297243916
27238330569958
27238363895833
27238397222000
27238430548041
27238463874166
27238497200166
27238530526125
27238563852208
27238597178291
27238630504208
27238663830333
27238697156291
27238730482333
27238763808250
27238797134416
27238830460458
27238863786583
27238897112333
27238930438458
27238963764458
27238997090583
27239030416750
27239063742625
27239097068625
27239130394666
27239163720666
27239197046750
27239230372708
27239263698583
27239297024750
27239330350875
27239363676833
27239397002958
27239430328833
27239463654958
27239496980958
27239530307166
27239563633083
27239596959208
27239630285166
27239663611125
27239696937083
27239730263333
27239763589333
27239796915208
27239830241250
27239863567291
27239896893291
27239930219416
27239963545541
27239996871291
27240030197500
27240063523458
27240096849583
27240130175541
27240163501541
27240196827666
27240230153583
27240263479583
27240296805708
27240330131750
27240363457625
27240396783833
27240430109750
27240463435833
27240496761916
27240530087791
27240563413833
27240596739916
27240630066041
27240663392041
27240696718083
27240730043958
27240763370083
27240796696166
27240830022208
27240863348208
27240896674083
27240930000125
27240963326125
27240996652250
27241029978333
27241063304250
27241096630333
27241129956208
27241163282375
27241196608416
27241229934416
27241263260291
27241296586416
27241329912500
27241363238583
27241396564750
27241429890625
27241463216500
27241496542583
27241529868666
27241563194916
27241596520958
27241629846750
27241663172791
27241696498875
27241729824875
27241763150958
27241796477083
27241829802791
27241863128875
27241896454958
27241929781000
27241963107083
27241996432958
27242029759000
27242063085083
27242096411083
27242129737333
27242163063250
27242196389333
27242229715291
27242263041375
27242296367375
27242329693416
27242363019375
27242396345458
27242429671333
27242462997625
27242496323625
27242529649625
27242562975583
27242596301541
27242629627625
27242662953708
27242696279833
27242729605708
27242762931833
27242796257666
27242829583791
27242862909833
27242896235958
27242929561916
27242962887958
27242996214000
27243029540041
27243062866083
27243096191958
27243129518083
27243162843958
27243196170083
27243229496166
27243262822208
27243296148083
27243329474250
27243362800166
27243396126291
27243429452250
27243462778250
27243496104291
27243529430416
27243562756416
27243596082583
27243629408666
27243662734333
27243696060500
27243729386541
27243762712541
27243796038666
27243829364625
27243862690666
27243896016583
27243929342708
27243962668833
27243995994875
27244029320666
27244062646833
27244095972833
27244129298916
27244162624833
27244195950833
27244229276833
27244262602958
27244295929000
27244329255041
27244362581083
27244395906958
27244429233083
27244462559041
27244495885208
27244529211208
27244562537166
27244595863125
27244629189291
27244662515375
27244695841458
27244729167500
27244762493250
27244795819333
27244829145458
27244862471583
27244895797625
27244929123541
27244962449500
27244995775500
27245029101625
27245062427666
27245095753791
27245129079541
27245162405666
27245195731666
27245229057750
27245262383916
27245295709708
27245329035833
27245362361916
27245395687958
27245429013916
27245462340125
27245495666000
27245528992125
27245562318041
27245595644166
27245628970250
27245662296125
27245695622166
27245728948250
27245762274333
27245795600416
27245828926333
27245862252291
27245895578208
27245928904291
27245962230416
27245995556458
27246028882458
27246062208375
27246095534458
27246128860500
27246162186625
27246195512625
27246228838541
27246262164583
27246295490625
27246328816750
27246362142791
27246395468708
27246428794708
27246462120750
27246495446916
27246528772958
27246562099000
27246595424875
27246628751000
27246662076958
27246695403083
27246728729041
27246762054875
27246795381000
27246828707083
27246862033125
27246895359166
27246928685208
27246962011041
27246995337208
27247028663291
27247061989250
27247095315416
27247128641166
27247161967333
27247195293375
27247228619458
27247261945500
27247295271583
27247328597500
27247361923541
27247395249666
27247428575708
27247461901583
27247495227583
27247528553708
27247561879708
27247595205666
27247628531666
27247661857791
27247695183791
