7926782780232
7926816112523
7926849444867
7926882777159
7926916109451
7926949441794
7926982774086
7927016106378
7927049438721
7927082771013
7927116103305
7927149435648
7927182767940
7927216100232
7927249432523
7927282764867
7927316097159
7927349429451
7927382761794
7927416094086
7927449426378
7927482758721
7927516091013
7927549423305
7927582755648
7927616087940
7927649420232
7927682752523
7927716084867
7927749417159
7927782749451
7927816081794
7927849414086
7927882746378
7927916078721
7927949411013
7927982743305
7928016075648
7928049407940
7928082740232
7928116072523
7928149404867
7928182737159
7928216069451
7928249401794
7928282734086
7928316066378
7928349398721
7928382731013
7928416063305
7928449395648
7928482727940
7928516060232
7928549392523
7928582724867
7928616057159
7928649389451
7928682721794
7928716054086
7928749386378
7928782718721
7928816051013
7928849383305
7928882715648
7928916047940
7928949380232
7928982712523
7929016044867
7929049377159
7929082709451
7929116041794
7929149374086
7929182706378
7929216038721
7929249371013
7929282703305
7929316035648
7929349367940
7929382700232
7929416032523
7929449364867
7929482697159
7929516029451
7929549361794
7929582694086
7929616026378
7929649358721
7929682691013
7929716023305
7929749355648
7929782687940
7929816020232
7929849352523
7929882684867
7929916017159
7929949349451
7929982681794
7930016014086
7930049346378
7930082678721
7930116011013
7930149343305
7930182675648
7930216007940
7930249340232
7930282672523
7930316004867
7930349337159
7930382669451
7930416001794
7930449334086
7930482666378
7930515998669
7930549331013
7930582663305
7930615995648
7930649327940
7930682660232
7930715992523
7930749324867
7930782657159
7930815989451
7930849321794
7930882654086
7930915986378
7930949318721
7930982651013
7931015983305
7931049315648
7931082647940
7931115980232
7931149312523
7931182644867
7931215977159
7931249309451
7931282641794
7931315974086
7931349306378
7931382638721
7931415971013
7931449303305
7931482635648
7931515967940
7931549300232
7931582632523
7931615964867
7931649297159
7931682629451
7931715961794
7931749294086
7931782626378
7931815958721
7931849291013
7931882623305
7931915955648
7931949287940
7931982620232
7932015952523
7932049284867
7932082617159
7932115949451
7932149281794
7932182614086
7932215946378
7932249278721
7932282611013
7932315943305
7932349275648
7932382607940
7932415940232
7932449272523
7932482604867
7932515937159
7932549269451
7932582601794
7932615934086
7932649266378
7932682598721
7932715931013
7932749263305
7932782595648
7932815927940
7932849260232
7932882592523
7932915924867
7932949257159
7932982589451
7933015921794
7933049254086
7933082586378
7933115918721
7933149251013
7933182583305
7933215915648
7933249247940
7933282580232
7933315912523
7933349244867
7933382577159
7933415909451
7933449241794
7933482574086
7933515906378
7933549238721
7933582571013
7933615903305
7933649235648
7933682567940
7933715900232
7933749232523
7933782564867
7933815897159
7933849229451
7933882561794
7933915894086
7933949226378
7933982558669
7934015891013
7934049223305
7934082555648
7934115887940
7934149220232
7934182552523
7934215884867
7934249217159
7934282549451
7934315881794
7934349214086
7934382546378
7934415878721
7934449211013
7934482543305
7934515875648
7934549207940
7934582540232
7934615872523
7934649204867
7934682537159
7934715869451
7934749201794
7934782534086
7934815866378
7934849198669
7934882531013
7934915863305
7934949195648
7934982527940
7935015860232
7935049192523
7935082524867
7935115857159
7935149189451
7935182521794
7935215854086
7935249186378
7935282518721
7935315851013
7935349183305
7935382515648
7935415847940
7935449180232
7935482512523
7935515844867
7935549177159
7935582509451
7935615841794
7935649174086
7935682506378
7935715838721
7935749171013
7935782503305
7935815835648
7935849167940
7935882500232
7935915832523
7935949164867
7935982497159
7936015829451
7936049161794
7936082494086
7936115826378
7936149158721
7936182491013
7936215823305
7936249155648
7936282487940
7936315820232
7936349152523
7936382484867
7936415817159
7936449149451
7936482481794
7936515814086
7936549146378
7936582478669
7936615811013
7936649143305
7936682475648
7936715807940
7936749140232
7936782472523
7936815804867
7936849137159
7936882469451
7936915801794
7936949134086
7936982466378
7937015798721
7937049131013
7937082463305
7937115795648
7937149127940
7937182460232
7937215792523
7937249124867
7937282457159
7937315789451
7937349121794
7937382454086
7937415786378
7937449118721
7937482451013
7937515783305
7937549115648
7937582447940
7937615780232
7937649112523
7937682444867
7937715777159
7937749109451
7937782441794
7937815774086
7937849106378
7937882438721
7937915771013
7937949103305
7937982435648
7938015767940
7938049100232
7938082432523
7938115764867
7938149097159
7938182429451
7938215761794
7938249094086
7938282426378
7938315758669
7938349091013
7938382423305
7938415755648
7938449087940
7938482420232
7938515752523
7938549084867
7938582417159
7938615749451
7938649081794
7938682414086
7938715746378
7938749078721
7938782411013
7938815743305
7938849075648
7938882407940
7938915740232
7938949072523
7938982404867
7939015737159
7939049069451
7939082401794
7939115734086
7939149066378
7939182398669
7939215731013
7939249063305
7939282395648
7939315727940
7939349060232
7939382392523
7939415724867
7939449057159
7939482389451
7939515721794
7939549054086
7939582386378
7939615718721
7939649051013
7939682383305
7939715715648
7939749047940
7939782380232
7939815712523
7939849044867
7939882377159
7939915709451
7939949041794
7939982374086
7940015706378
7940049038669
7940082371013
7940115703305
7940149035648
7940182367940
7940215700232
7940249032523
7940282364867
7940315697159
7940349029451
7940382361794
7940415694086
7940449026378
7940482358721
7940515691013
7940549023305
7940582355648
7940615687940
7940649020232
7940682352523
7940715684867
7940749017159
7940782349451
7940815681794
7940849014086
7940882346378
7940915678721
7940949011013
7940982343305
7941015675648
7941049007940
7941082340232
7941115672523
7941149004867
7941182337159
7941215669451
7941249001794
7941282334086
7941315666378
7941348998721
7941382331013
7941415663305
7941448995648
7941482327940
7941515660232
7941548992523
7941582324867
7941615657159
7941648989451
7941682321794
7941715654086
7941748986378
7941782318721
7941815651013
7941848983305
7941882315648
7941915647940
7941948980232
7941982312523
7942015644867
7942048977159
7942082309451
7942115641794
7942148974086
7942182306378
7942215638721
7942248971013
7942282303305
7942315635648
7942348967940
7942382300232
7942415632523
7942448964867
7942482297159
7942515629451
7942548961794
7942582294086
7942615626378
7942648958669
7942682291013
7942715623305
7942748955648
7942782287940
7942815620232
7942848952523
7942882284867
7942915617159
7942948949451
7942982281794
7943015614086
7943048946378
7943082278721
7943115611013
7943148943305
7943182275648
7943215607940
7943248940232
7943282272523
7943315604867
7943348937159
7943382269451
7943415601794
7943448934086
7943482266378
7943515598721
7943548931013
7943582263305
7943615595648
7943648927940
7943682260232
7943715592523
7943748924867
7943782257159
7943815589451
7943848921794
7943882254086
7943915586378
7943948918721
7943982251013
7944015583305
7944048915648
7944082247940
7944115580232
7944148912523
7944182244867
7944215577159
7944248909451
7944282241794
7944315574086
7944348906378
7944382238669
7944415571013
7944448903305
7944482235648
7944515567940
7944548900232
7944582232523
7944615564867
7944648897159
7944682229451
7944715561794
7944748894086
7944782226378
7944815558721
7944848891013
7944882223305
7944915555648
7944948887940
7944982220232
7945015552523
7945048884867
7945082217159
7945115549451
7945148881794
7945182214086
7945215546378
7945248878669
7945282211013
7945315543305
7945348875648
7945382207940
7945415540232
7945448872523
7945482204867
7945515537159
7945548869451
7945582201794
7945615534086
7945648866378
7945682198721
7945715531013
7945748863305
7945782195648
7945815527940
7945848860232
7945882192523
7945915524867
7945948857159
7945982189451
7946015521794
7946048854086
7946082186378
7946115518669
7946148851013
7946182183305
7946215515648
7946248847940
7946282180232
7946315512523
7946348844867
7946382177159
7946415509451
7946448841794
7946482174086
7946515506378
7946548838721
7946582171013
7946615503305
7946648835648
7946682167940
7946715500232
7946748832523
7946782164867
7946815497159
7946848829451
7946882161794
7946915494086
7946948826378
7946982158721
7947015491013
7947048823305
7947082155648
7947115487940
7947148820232
7947182152523
7947215484867
7947248817159
7947282149451
7947315481794
7947348814086
7947382146378
7947415478721
7947448811013
7947482143305
7947515475648
7947548807940
7947582140232
7947615472523
7947648804867
7947682137159
7947715469451
7947748801794
7947782134086
7947815466378
7947848798669
7947882131013
7947915463305
7947948795648
7947982127940
7948015460232
7948048792523
7948082124867
7948115457159
7948148789451
7948182121794
7948215454086
7948248786378
7948282118721
7948315451013
7948348783305
7948382115648
7948415447940
7948448780232
7948482112523
7948515444867
7948548777159
7948582109451
7948615441794
7948648774086
7948682106378
7948715438669
7948748771013
7948782103305
7948815435648
7948848767940
7948882100232
7948915432523
7948948764867
7948982097159
7949015429451
7949048761794
7949082094086
7949115426378
7949148758721
7949182091013
7949215423305
7949248755648
7949282087940
7949315420232
7949348752523
7949382084867
7949415417159
7949448749451
7949482081794
7949515414086
7949548746378
7949582078669
7949615411013
7949648743305
7949682075648
7949715407940
7949748740232
7949782072523
7949815404867
7949848737159
7949882069451
7949915401794
7949948734086
7949982066378
7950015398721
7950048731013
7950082063305
7950115395648
7950148727940
7950182060232
7950215392523
7950248724867
7950282057159
7950315389451
7950348721794
7950382054086
7950415386378
7950448718669
7950482051013
7950515383305
7950548715648
7950582047940
7950615380232
7950648712523
7950682044867
7950715377159
7950748709451
7950782041794
7950815374086
7950848706378
7950882038721
7950915371013
7950948703305
7950982035648
7951015367940
7951048700232
7951082032523
7951115364867
7951148697159
7951182029451
7951215361794
7951248694086
7951282026378
7951315358669
7951348691013
7951382023305
7951415355648
7951448687940
7951482020232
7951515352523
7951548684867
7951582017159
7951615349451
7951648681794
7951682014086
7951715346378
7951748678721
7951782011013
7951815343305
7951848675648
7951882007940
7951915340232
7951948672523
7951982004867
7952015337159
7952048669451
7952082001794
7952115334086
7952148666378
7952181998669
7952215331013
7952248663305
7952281995648
7952315327940
7952348660232
7952381992523
7952415324867
7952448657159
7952481989451
7952515321794
7952548654086
7952581986378
7952615318721
7952648651013
7952681983305
7952715315648
7952748647940
7952781980232
7952815312523
7952848644867
7952881977159
7952915309451
7952948641794
7952981974086
7953015306378
7953048638669
7953081971013
7953115303305
7953148635648
7953181967940
7953215300232
7953248632523
7953281964867
7953315297159
7953348629451
7953381961794
7953415294086
7953448626378
7953481958721
7953515291013
7953548623305
7953581955648
7953615287940
7953648620232
7953681952523
7953715284867
7953748617159
7953781949451
7953815281794
7953848614086
7953881946378
7953915278669
7953948611013
7953981943305
7954015275648
7954048607940
7954081940232
7954115272523
7954148604867
7954181937159
7954215269451
7954248601794
7954281934086
7954315266378
7954348598721
7954381931013
7954415263305
7954448595648
7954481927940
7954515260232
7954548592523
7954581924867
7954615257159
7954648589451
7954681921794
7954715254086
7954748586378
7954781918721
7954815251013
7954848583305
7954881915648
7954915247940
7954948580232
7954981912523
7955015244867
7955048577159
7955081909451
7955115241794
7955148574086
7955181906378
7955215238721
7955248571013
7955281903305
7955315235648
7955348567940
7955381900232
7955415232523
7955448564867
7955481897159
7955515229451
7955548561794
7955581894086
7955615226378
7955648558669
7955681891013
7955715223305
7955748555648
7955781887940
7955815220232
7955848552523
7955881884867
7955915217159
7955948549451
7955981881794
7956015214086
7956048546378
7956081878721
7956115211013
7956148543305
7956181875648
7956215207940
7956248540232
7956281872523
7956315204867
7956348537159
7956381869451
7956415201794
7956448534086
7956481866378
7956515198669
7956548531013
7956581863305
7956615195648
7956648527940
7956681860232
7956715192523
7956748524867
7956781857159
7956815189451
7956848521794
7956881854086
7956915186378
7956948518721
7956981851013
7957015183305
7957048515648
7957081847940
7957115180232
7957148512523
7957181844867
7957215177159
7957248509451
7957281841794
7957315174086
7957348506378
7957381838669
7957415171013
7957448503305
7957481835648
7957515167940
7957548500232
7957581832523
7957615164867
7957648497159
7957681829451
7957715161794
7957748494086
7957781826378
7957815158721
7957848491013
7957881823305
7957915155648
7957948487940
7957981820232
7958015152523
7958048484867
7958081817159
7958115149451
7958148481794
7958181814086
7958215146378
7958248478669
7958281811013
7958315143305
7958348475648
7958381807940
7958415140232
7958448472523
7958481804867
7958515137159
7958548469451
7958581801794
7958615134086
7958648466378
7958681798721
7958715131013
7958748463305
7958781795648
7958815127940
7958848460232
7958881792523
7958915124867
7958948457159
7958981789451
7959015121794
7959048454086
7959081786378
7959115118669
7959148451013
7959181783305
7959215115648
7959248447940
7959281780232
7959315112523
7959348444867
7959381777159
7959415109451
7959448441794
7959481774086
7959515106378
7959548438721
7959581771013
7959615103305
7959648435648
7959681767940
7959715100232
7959748432523
7959781764867
7959815097159
7959848429451
7959881761794
7959915094086
7959948426378
7959981758669
7960015091013
7960048423305
7960081755648
7960115087940
7960148420232
7960181752523
7960215084867
7960248417159
7960281749451
7960315081794
7960348414086
7960381746378
7960415078721
7960448411013
7960481743305
7960515075648
7960548407940
7960581740232
7960615072523
7960648404867
7960681737159
7960715069451
7960748401794
7960781734086
7960815066378
7960848398669
7960881731013
7960915063305
7960948395648
7960981727940
7961015060232
7961048392523
7961081724867
7961115057159
7961148389451
7961181721794
7961215054086
7961248386378
7961281718721
7961315051013
7961348383305
7961381715648
7961415047940
7961448380232
7961481712523
7961515044867
7961548377159
7961581709451
7961615041794
7961648374086
7961681706378
7961715038669
7961748371013
7961781703305
7961815035648
7961848367940
7961881700232
7961915032523
7961948364867
7961981697159
7962015029451
7962048361794
7962081694086
7962115026378
7962148358721
7962181691013
7962215023305
7962248355648
7962281687940
7962315020232
7962348352523
7962381684867
7962415017159
7962448349451
7962481681794
7962515014086
7962548346378
7962581678721
7962615011013
7962648343305
7962681675648
7962715007940
7962748340232
7962781672523
7962815004867
7962848337159
7962881669451
7962915001794
7962948334086
7962981666378
7963014998721
7963048331013
7963081663305
7963114995648
7963148327940
7963181660232
7963214992523
7963248324867
7963281657159
7963314989451
7963348321794
7963381654086
7963414986378
7963448318669
7963481651013
7963514983305
7963548315648
7963581647940
7963614980232
7963648312523
7963681644867
7963714977159
7963748309451
7963781641794
7963814974086
7963848306378
7963881638721
7963914971013
7963948303305
7963981635648
7964014967940
7964048300232
7964081632523
7964114964867
7964148297159
7964181629451
7964214961794
7964248294086
7964281626378
7964314958669
7964348291013
7964381623305
7964414955648
7964448287940
7964481620232
7964514952523
7964548284867
7964581617159
7964614949451
7964648281794
7964681614086
7964714946378
7964748278721
7964781611013
7964814943305
7964848275648
7964881607940
7964914940232
7964948272523
7964981604867
7965014937159
7965048269451
7965081601794
7965114934086
7965148266378
7965181598669
7965214931013
7965248263305
7965281595648
7965314927940
7965348260232
7965381592523
7965414924867
7965448257159
7965481589451
7965514921794
7965548254086
7965581586378
7965614918721
7965648251013
7965681583305
7965714915648
7965748247940
7965781580232
7965814912523
7965848244867
7965881577159
7965914909451
7965948241794
7965981574086
7966014906378
7966048238669
7966081571013
7966114903305
7966148235648
7966181567940
7966214900232
7966248232523
7966281564867
7966314897159
7966348229451
7966381561794
7966414894086
7966448226378
7966481558721
7966514891013
7966548223305
7966581555648
7966614887940
7966648220232
7966681552523
7966714884867
7966748217159
7966781549451
7966814881794
7966848214086
7966881546378
7966914878669
7966948211013
7966981543305
7967014875648
7967048207940
7967081540232
7967114872523
7967148204867
7967181537159
7967214869451
7967248201794
7967281534086
7967314866378
7967348198721
7967381531013
7967414863305
7967448195648
7967481527940
7967514860232
7967548192523
7967581524867
7967614857159
7967648189451
7967681521794
7967714854086
7967748186378
7967781518721
7967814851013
7967848183305
7967881515648
7967914847940
7967948180232
7967981512523
7968014844867
7968048177159
7968081509451
7968114841794
7968148174086
7968181506378
7968214838721
7968248171013
7968281503305
7968314835648
7968348167940
7968381500232
7968414832523
7968448164867
7968481497159
7968514829451
7968548161794
7968581494086
7968614826378
7968648158669
7968681491013
7968714823305
7968748155648
7968781487940
7968814820232
7968848152523
7968881484867
7968914817159
7968948149451
7968981481794
7969014814086
7969048146378
7969081478721
7969114811013
7969148143305
7969181475648
7969214807940
7969248140232
7969281472523
7969314804867
7969348137159
7969381469451
7969414801794
7969448134086
7969481466378
7969514798669
7969548131013
7969581463305
7969614795648
7969648127940
7969681460232
7969714792523
7969748124867
7969781457159
7969814789451
7969848121794
7969881454086
7969914786378
7969948118721
7969981451013
7970014783305
7970048115648
7970081447940
7970114780232
7970148112523
7970181444867
7970214777159
7970248109451
7970281441794
7970314774086
7970348106378
7970381438669
7970414771013
7970448103305
7970481435648
7970514767940
7970548100232
7970581432523
7970614764867
7970648097159
7970681429451
7970714761794
7970748094086
7970781426378
7970814758721
7970848091013
7970881423305
7970914755648
7970948087940
7970981420232
7971014752523
7971048084867
7971081417159
7971114749451
7971148081794
7971181414086
7971214746378
7971248078669
7971281411013
7971314743305
7971348075648
7971381407940
7971414740232
7971448072523
7971481404867
7971514737159
7971548069451
7971581401794
7971614734086
7971648066378
7971681398721
7971714731013
7971748063305
7971781395648
7971814727940
7971848060232
7971881392523
7971914724867
7971948057159
7971981389451
7972014721794
7972048054086
7972081386378
7972114718669
7972148051013
7972181383305
7972214715648
7972248047940
7972281380232
7972314712523
7972348044867
7972381377159
7972414709451
7972448041794
7972481374086
7972514706378
7972548038721
7972581371013
7972614703305
7972648035648
7972681367940
7972714700232
7972748032523
7972781364867
7972814697159
7972848029451
7972881361794
7972914694086
7972948026378
7972981358669
7973014691013
7973048023305
7973081355648
7973114687940
7973148020232
7973181352523
7973214684867
7973248017159
7973281349451
7973314681794
7973348014086
7973381346378
7973414678721
7973448011013
7973481343305
7973514675648
7973548007940
7973581340232
7973614672523
7973648004867
7973681337159
7973714669451
7973748001794
7973781334086
7973814666378
7973847998721
7973881331013
7973914663305
7973947995648
7973981327940
7974014660232
7974047992523
7974081324867
7974114657159
7974147989451
7974181321794
7974214654086
7974247986378
7974281318721
7974314651013
7974347983305
7974381315648
7974414647940
7974447980232
7974481312523
7974514644867
7974547977159
7974581309451
7974614641794
7974647974086
7974681306378
7974714638669
7974747971013
7974781303305
7974814635648
7974847967940
7974881300232
7974914632523
7974947964867
7974981297159
7975014629451
7975047961794
7975081294086
7975114626378
7975147958721
7975181291013
7975214623305
7975247955648
7975281287940
7975314620232
7975347952523
7975381284867
7975414617159
7975447949451
7975481281794
7975514614086
7975547946378
7975581278669
7975614611013
7975647943305
7975681275648
7975714607940
7975747940232
7975781272523
7975814604867
7975847937159
7975881269451
7975914601794
7975947934086
7975981266378
7976014598721
7976047931013
7976081263305
7976114595648
7976147927940
7976181260232
7976214592523
7976247924867
7976281257159
7976314589451
7976347921794
7976381254086
7976414586378
7976447918669
7976481251013
7976514583305
7976547915648
7976581247940
7976614580232
7976647912523
7976681244867
7976714577159
7976747909451
7976781241794
7976814574086
7976847906378
7976881238721
7976914571013
7976947903305
7976981235648
7977014567940
7977047900232
7977081232523
7977114564867
7977147897159
7977181229451
7977214561794
7977247894086
7977281226378
7977314558669
7977347891013
7977381223305
7977414555648
7977447887940
7977481220232
7977514552523
7977547884867
7977581217159
7977614549451
7977647881794
7977681214086
7977714546378
7977747878721
7977781211013
7977814543305
7977847875648
7977881207940
7977914540232
7977947872523
7977981204867
7978014537159
7978047869451
7978081201794
7978114534086
7978147866378
7978181198669
7978214531013
7978247863305
7978281195648
7978314527940
7978347860232
7978381192523
7978414524867
7978447857159
7978481189451
7978514521794
7978547854086
7978581186378
7978614518721
7978647851013
7978681183305
7978714515648
7978747847940
7978781180232
7978814512523
7978847844867
7978881177159
7978914509451
7978947841794
7978981174086
7979014506378
7979047838669
7979081171013
7979114503305
7979147835648
7979181167940
7979214500232
7979247832523
7979281164867
7979314497159
7979347829451
7979381161794
7979414494086
7979447826378
7979481158721
7979514491013
7979547823305
7979581155648
7979614487940
7979647820232
7979681152523
7979714484867
7979747817159
7979781149451
7979814481794
7979847814086
7979881146378
7979914478669
7979947811013
7979981143305
7980014475648
7980047807940
7980081140232
7980114472523
7980147804867
7980181137159
7980214469451
7980247801794
7980281134086
7980314466378
7980347798721
7980381131013
7980414463305
7980447795648
7980481127940
7980514460232
7980547792523
7980581124867
7980614457159
7980647789451
7980681121794
7980714454086
7980747786378
7980781118669
7980814451013
7980847783305
7980881115648
7980914447940
7980947780232
7980981112523
7981014444867
7981047777159
7981081109451
7981114441794
7981147774086
7981181106378
7981214438721
7981247771013
7981281103305
7981314435648
7981347767940
7981381100232
7981414432523
7981447764867
7981481097159
7981514429451
7981547761794
7981581094086
7981614426378
7981647758669
7981681091013
7981714423305
7981747755648
7981781087940
7981814420232
7981847752523
7981881084867
7981914417159
7981947749451
7981981081794
7982014414086
7982047746378
7982081078721
7982114411013
7982147743305
7982181075648
7982214407940
7982247740232
7982281072523
7982314404867
7982347737159
7982381069451
7982414401794
7982447734086
7982481066378
7982514398669
7982547731013
7982581063305
7982614395648
7982647727940
7982681060232
7982714392523
7982747724867
7982781057159
7982814389451
7982847721794
7982881054086
7982914386378
7982947718721
7982981051013
7983014383305
7983047715648
7983081047940
7983114380232
7983147712523
7983181044867
7983214377159
7983247709451
7983281041794
7983314374086
7983347706378
7983381038669
7983414371013
7983447703305
7983481035648
7983514367940
7983547700232
7983581032523
7983614364867
7983647697159
7983681029451
7983714361794
7983747694086
7983781026378
7983814358721
7983847691013
7983881023305
7983914355596
7983947687940
7983981020232
7984014352523
7984047684867
7984081017159
7984114349451
7984147681794
7984181014086
7984214346378
7984247678669
7984281011013
7984314343305
7984347675648
7984381007940
7984414340232
7984447672523
7984481004867
7984514337159
7984547669451
7984581001794
7984614334086
7984647666378
7984680998721
7984714331013
7984747663305
7984780995648
7984814327940
7984847660232
7984880992523
7984914324867
7984947657159
7984980989451
7985014321794
7985047654086
7985080986378
7985114318669
7985147651013
7985180983305
7985214315648
7985247647940
7985280980232
7985314312523
7985347644867
7985380977159
7985414309451
7985447641794
7985480974086
7985514306378
7985547638721
7985580971013
7985614303305
7985647635648
7985680967940
7985714300232
7985747632523
7985780964867
7985814297159
7985847629451
7985880961794
7985914294086
7985947626378
7985980958721
7986014291013
7986047623305
7986080955648
7986114287940
7986147620232
7986180952523
7986214284867
7986247617159
7986280949451
7986314281794
7986347614086
7986380946378
7986414278721
7986447611013
7986480943305
7986514275648
7986547607940
7986580940232
7986614272523
7986647604867
7986680937159
7986714269451
7986747601794
7986780934086
7986814266378
7986847598669
7986880931013
7986914263305
7986947595648
7986980927940
7987014260232
7987047592523
7987080924867
7987114257159
7987147589451
7987180921794
7987214254086
7987247586378
7987280918721
7987314251013
7987347583305
7987380915648
7987414247940
7987447580232
7987480912523
7987514244867
7987547577159
7987580909451
7987614241794
7987647574086
7987680906378
7987714238669
7987747571013
7987780903305
7987814235648
7987847567940
7987880900232
7987914232523
7987947564867
7987980897159
7988014229451
7988047561794
7988080894086
7988114226378
7988147558721
7988180891013
7988214223305
7988247555648
7988280887940
7988314220232
7988347552523
7988380884867
7988414217159
7988447549451
7988480881794
7988514214086
7988547546378
7988580878669
7988614211013
7988647543305
7988680875648
7988714207940
7988747540232
7988780872523
7988814204867
7988847537159
7988880869451
7988914201794
7988947534086
7988980866378
7989014198721
7989047531013
7989080863305
7989114195648
7989147527940
7989180860232
7989214192523
7989247524867
7989280857159
7989314189451
7989347521794
7989380854086
7989414186378
7989447518669
7989480851013
7989514183305
7989547515648
7989580847940
7989614180232
7989647512523
7989680844867
7989714177159
7989747509451
7989780841794
7989814174086
7989847506378
7989880838721
7989914171013
7989947503305
7989980835648
7990014167940
7990047500232
7990080832523
7990114164867
7990147497159
7990180829451
7990214161794
7990247494086
7990280826378
7990314158669
7990347491013
7990380823305
7990414155648
7990447487940
7990480820232
7990514152523
7990547484867
7990580817159
7990614149451
7990647481794
7990680814086
7990714146378
7990747478721
7990780811013
7990814143305
7990847475596
7990880807940
7990914140232
7990947472523
7990980804867
7991014137159
7991047469451
7991080801794
7991114134086
7991147466378
7991180798669
7991214131013
7991247463305
7991280795648
7991314127940
7991347460232
7991380792523
7991414124867
7991447457159
7991480789451
7991514121794
7991547454086
7991580786378
7991614118721
7991647451013
7991680783305
7991714115648
7991747447940
7991780780232
7991814112523
7991847444867
7991880777159
7991914109451
7991947441794
7991980774086
7992014106378
7992047438669
7992080771013
7992114103305
7992147435648
7992180767940
7992214100232
7992247432523
7992280764867
7992314097159
7992347429451
7992380761794
7992414094086
7992447426378
7992480758721
7992514091013
7992547423305
7992580755648
7992614087940
7992647420232
7992680752523
7992714084867
7992747417159
7992780749451
7992814081794
7992847414086
7992880746378
7992914078669
7992947411013
7992980743305
7993014075648
7993047407940
7993080740232
7993114072523
7993147404867
7993180737159
7993214069451
7993247401794
7993280734086
7993314066378
7993347398669
7993380731013
7993414063305
7993447395648
7993480727940
7993514060232
7993547392523
7993580724867
7993614057159
7993647389451
7993680721794
7993714054086
7993747386378
7993780718669
7993814051013
7993847383305
7993880715648
7993914047940
7993947380232
7993980712523
7994014044867
7994047377159
7994080709451
7994114041794
7994147374086
7994180706378
7994214038721
7994247371013
7994280703305
7994314035648
7994347367940
7994380700232
7994414032523
7994447364867
7994480697159
7994514029451
7994547361794
7994580694086
7994614026378
7994647358669
7994680691013
7994714023305
7994747355648
7994780687940
7994814020232
7994847352523
7994880684867
7994914017159
7994947349451
7994980681794
7995014014086
7995047346378
7995080678721
7995114011013
7995147343305
7995180675648
7995214007940
7995247340232
7995280672523
7995314004867
7995347337159
7995380669451
7995414001794
7995447334086
7995480666378
7995513998669
7995547331013
7995580663305
7995613995648
7995647327940
7995680660232
7995713992523
7995747324867
7995780657159
7995813989451
7995847321794
7995880654086
7995913986378
7995947318721
7995980651013
7996013983305
7996047315648
7996080647940
7996113980232
7996147312523
7996180644867
7996213977159
7996247309451
7996280641794
7996313974086
7996347306378
7996380638669
7996413971013
7996447303305
7996480635648
7996513967940
7996547300232
7996580632523
7996613964867
7996647297159
7996680629451
7996713961794
7996747294086
7996780626378
7996813958721
7996847291013
7996880623305
7996913955648
7996947287940
7996980620232
7997013952523
7997047284867
7997080617159
7997113949451
7997147281794
7997180614086
7997213946378
7997247278669
7997280611013
7997313943305
7997347275648
7997380607940
7997413940232
7997447272523
7997480604867
7997513937159
7997547269451
7997580601794
7997613934086
7997647266378
7997680598721
7997713931013
7997747263305
7997780595648
7997813927940
7997847260232
7997880592523
7997913924867
7997947257159
7997980589451
7998013921794
7998047254086
7998080586378
7998113918721
7998147251013
7998180583305
7998213915648
7998247247940
7998280580232
7998313912523
7998347244867
7998380577159
7998413909451
7998447241794
7998480574086
7998513906378
7998547238721
7998580571013
7998613903305
7998647235648
7998680567940
7998713900232
7998747232523
7998780564867
7998813897159
7998847229451
7998880561794
7998913894086
7998947226378
7998980558669
7999013891013
7999047223305
7999080555648
7999113887940
7999147220232
7999180552523
7999213884867
7999247217159
7999280549451
7999313881794
7999347214086
7999380546378
7999413878721
7999447211013
7999480543305
7999513875648
7999547207940
7999580540232
7999613872523
7999647204867
7999680537159
7999713869451
7999747201794
7999780534086
7999813866378
7999847198669
7999880531013
7999913863305
7999947195648
7999980527940
8000013860232
8000047192523
8000080524867
8000113857159
8000147189451
8000180521794
8000213854086
8000247186378
8000280518721
8000313851013
8000347183305
8000380515648
8000413847940
8000447180232
8000480512523
8000513844867
8000547177159
8000580509451
8000613841794
8000647174086
8000680506378
8000713838669
8000747171013
8000780503305
8000813835648
8000847167940
8000880500232
8000913832523
8000947164867
8000980497159
8001013829451
8001047161794
8001080494086
8001113826378
8001147158721
8001180491013
8001213823305
8001247155648
8001280487940
8001313820232
8001347152523
8001380484867
8001413817159
8001447149451
8001480481794
8001513814086
8001547146378
8001580478721
8001613811013
8001647143305
8001680475648
8001713807940
8001747140232
8001780472523
8001813804867
8001847137159
8001880469451
8001913801794
8001947134086
8001980466378
8002013798721
8002047131013
8002080463305
8002113795648
8002147127940
8002180460232
8002213792523
8002247124867
8002280457159
8002313789451
8002347121794
8002380454086
8002413786378
8002447118721
8002480451013
8002513783305
8002547115648
8002580447940
8002613780232
8002647112523
8002680444867
8002713777159
8002747109451
8002780441794
8002813774086
8002847106378
8002880438721
8002913771013
8002947103305
8002980435648
8003013767940
8003047100232
8003080432523
8003113764867
8003147097159
8003180429451
8003213761794
8003247094086
8003280426378
8003313758669
8003347091013
8003380423305
8003413755648
8003447087940
8003480420232
8003513752523
8003547084867
8003580417159
8003613749451
8003647081794
8003680414086
8003713746378
8003747078721
8003780411013
8003813743305
8003847075648
8003880407940
8003913740232
8003947072523
8003980404867
8004013737159
8004047069451
8004080401794
8004113734086
8004147066378
8004180398669
8004213731013
8004247063305
8004280395648
8004313727940
8004347060232
8004380392523
8004413724867
8004447057159
8004480389451
8004513721794
8004547054086
8004580386378
8004613718721
8004647051013
8004680383305
8004713715648
8004747047940
8004780380232
8004813712523
8004847044867
8004880377159
8004913709451
8004947041794
8004980374086
8005013706378
8005047038721
8005080371013
8005113703305
8005147035648
8005180367940
8005213700232
8005247032523
8005280364867
8005313697159
8005347029451
8005380361794
8005413694086
8005447026378
8005480358721
8005513691013
8005547023305
8005580355648
8005613687940
8005647020232
8005680352523
8005713684867
8005747017159
8005780349451
8005813681794
8005847014086
8005880346378
8005913678721
8005947011013
8005980343305
8006013675648
8006047007940
8006080340232
8006113672523
8006147004867
8006180337159
8006213669451
8006247001794
8006280334086
8006313666378
8006346998721
8006380331013
8006413663305
8006446995648
8006480327940
8006513660232
8006546992523
8006580324867
8006613657159
8006646989451
8006680321794
8006713654086
8006746986378
8006780318721
8006813651013
8006846983305
8006880315648
8006913647940
8006946980232
8006980312523
8007013644867
8007046977159
8007080309451
8007113641794
8007146974086
8007180306378
8007213638721
8007246971013
8007280303305
8007313635648
8007346967940
8007380300232
8007413632523
8007446964867
8007480297159
8007513629451
8007546961794
8007580294086
8007613626378
8007646958721
8007680291013
8007713623305
8007746955648
8007780287940
8007813620232
8007846952523
8007880284867
8007913617159
8007946949451
8007980281794
8008013614086
8008046946378
8008080278721
8008113611013
8008146943305
8008180275648
8008213607940
8008246940232
8008280272523
8008313604867
8008346937159
8008380269451
8008413601794
8008446934086
8008480266378
8008513598721
8008546931013
8008580263305
8008613595648
8008646927940
8008680260232
8008713592523
8008746924867
8008780257159
8008813589451
8008846921794
8008880254086
8008913586378
8008946918721
8008980251013
8009013583305
8009046915648
8009080247940
8009113580232
8009146912523
8009180244867
8009213577159
8009246909451
8009280241794
8009313574086
8009346906378
8009380238669
8009413571013
8009446903305
8009480235648
8009513567940
8009546900232
8009580232523
8009613564867
8009646897159
8009680229451
8009713561794
8009746894086
8009780226378
8009813558721
8009846891013
8009880223305
8009913555648
8009946887940
8009980220232
8010013552523
8010046884867
8010080217159
8010113549451
8010146881794
8010180214086
8010213546378
8010246878721
8010280211013
8010313543305
8010346875648
8010380207940
8010413540232
8010446872523
8010480204867
8010513537159
8010546869451
8010580201794
8010613534086
8010646866378
8010680198721
8010713531013
8010746863305
8010780195648
8010813527940
8010846860232
8010880192523
8010913524867
8010946857159
8010980189451
