7084736550502
7084769882794
7084803215138
7084836547430
7084869879721
7084903212065
7084936544357
7084969876648
7085003208992
7085036541284
7085069873575
7085103205867
7085136538211
7085169870502
7085203202794
7085236535138
7085269867430
7085303199721
7085336532065
7085369864357
7085403196648
7085436528940
7085469861284
7085503193575
7085536525867
7085569858211
7085603190502
7085636522794
7085669855138
7085703187430
7085736519721
7085769852065
7085803184357
7085836516648
7085869848992
7085903181284
7085936513575
7085969845867
7086003178211
7086036510502
7086069842794
7086103175138
7086136507430
7086169839721
7086203172065
7086236504357
7086269836648
7086303168992
7086336501284
7086369833575
7086403165867
7086436498211
7086469830502
7086503162794
7086536495138
7086569827430
7086603159721
7086636492065
7086669824357
7086703156648
7086736488992
7086769821284
7086803153575
7086836485867
7086869818211
7086903150502
7086936482794
7086969815138
7087003147430
7087036479721
7087069812065
7087103144357
7087136476648
7087169808940
7087203141284
7087236473575
7087269805867
7087303138211
7087336470502
7087369802794
7087403135138
7087436467430
7087469799721
7087503132065
7087536464357
7087569796648
7087603128992
7087636461284
7087669793575
7087703125867
7087736458211
7087769790502
7087803122794
7087836455138
7087869787430
7087903119721
7087936452065
7087969784357
7088003116648
7088036448992
7088069781284
7088103113575
7088136445867
7088169778211
7088203110502
7088236442794
7088269775138
7088303107430
7088336439721
7088369772065
7088403104357
7088436436648
7088469768992
7088503101284
7088536433575
7088569765867
7088603098211
7088636430502
7088669762794
7088703095138
7088736427430
7088769759721
7088803092065
7088836424357
7088869756648
7088903088992
7088936421284
7088969753575
7089003085867
7089036418211
7089069750502
7089103082794
7089136415138
7089169747430
7089203079721
7089236412065
7089269744357
7089303076648
7089336408992
7089369741284
7089403073575
7089436405867
7089469738211
7089503070502
7089536402794
7089569735138
7089603067430
7089636399721
7089669732065
7089703064357
7089736396648
7089769728992
7089803061284
7089836393575
7089869725867
7089903058211
7089936390502
7089969722794
7090003055138
7090036387430
7090069719721
7090103052065
7090136384357
7090169716648
7090203048992
7090236381284
7090269713575
7090303045867
7090336378211
7090369710502
7090403042794
7090436375138
7090469707430
7090503039721
7090536372065
7090569704357
7090603036648
7090636368992
7090669701284
7090703033575
7090736365867
7090769698211
7090803030502
7090836362794
7090869695138
7090903027430
7090936359721
7090969692065
7091003024357
7091036356648
7091069688992
7091103021284
7091136353575
7091169685867
7091203018211
7091236350502
7091269682794
7091303015138
7091336347430
7091369679721
7091403012065
7091436344357
7091469676648
7091503008992
7091536341284
7091569673575
7091603005867
7091636338211
7091669670502
7091703002794
7091736335138
7091769667430
7091802999721
7091836332065
7091869664357
7091902996648
7091936328940
7091969661284
7092002993575
7092036325867
7092069658211
7092102990502
7092136322794
7092169655138
7092202987430
7092236319721
7092269652065
7092302984357
7092336316648
7092369648992
7092402981284
7092436313575
7092469645867
7092502978211
7092536310502
7092569642794
7092602975138
7092636307430
7092669639721
7092702972065
7092736304357
7092769636648
7092802968992
7092836301284
7092869633575
7092902965867
7092936298211
7092969630502
7093002962794
7093036295138
7093069627430
7093102959721
7093136292065
7093169624357
7093202956648
7093236288940
7093269621284
7093302953575
7093336285867
7093369618211
7093402950502
7093436282794
7093469615138
7093502947430
7093536279721
7093569612065
7093602944357
7093636276648
7093669608992
7093702941284
7093736273575
7093769605867
7093802938211
7093836270502
7093869602794
7093902935138
7093936267430
7093969599721
7094002932065
7094036264357
7094069596648
7094102928992
7094136261284
7094169593575
7094202925867
7094236258211
7094269590502
7094302922794
7094336255138
7094369587430
7094402919721
7094436252065
7094469584357
7094502916648
7094536248992
7094569581284
7094602913575
7094636245867
7094669578211
7094702910502
7094736242794
7094769575138
7094802907430
7094836239721
7094869572065
7094902904357
7094936236648
7094969568992
7095002901284
7095036233575
7095069565867
7095102898211
7095136230502
7095169562794
7095202895138
7095236227430
7095269559721
7095302892065
7095336224357
7095369556648
7095402888940
7095436221284
7095469553575
7095502885867
7095536218211
7095569550502
7095602882794
7095636215138
7095669547430
7095702879721
7095736212065
7095769544357
7095802876648
7095836208992
7095869541284
7095902873575
7095936205867
7095969538211
7096002870502
7096036202794
7096069535138
7096102867430
7096136199721
7096169532065
7096202864357
7096236196648
7096269528992
7096302861284
7096336193575
7096369525867
7096402858211
7096436190502
7096469522794
7096502855138
7096536187430
7096569519721
7096602852065
7096636184357
7096669516648
7096702848992
7096736181284
7096769513575
7096802845867
7096836178211
7096869510502
7096902842794
7096936175138
7096969507430
7097002839721
7097036172065
7097069504357
7097102836648
7097136168992
7097169501284
7097202833575
7097236165867
7097269498211
7097302830502
7097336162794
7097369495138
7097402827430
7097436159721
7097469492065
7097502824357
7097536156648
7097569488992
7097602821284
7097636153575
7097669485867
7097702818211
7097736150502
7097769482794
7097802815138
7097836147430
7097869479721
7097902812065
7097936144357
7097969476648
7098002808992
7098036141284
7098069473575
7098102805867
7098136138211
7098169470502
7098202802794
7098236135138
7098269467430
7098302799721
7098336132065
7098369464357
7098402796648
7098436128940
7098469461284
7098502793575
7098536125867
7098569458211
7098602790502
7098636122794
7098669455138
7098702787430
7098736119721
7098769452065
7098802784357
7098836116648
7098869448992
7098902781284
7098936113575
7098969445867
7099002778211
7099036110502
7099069442794
7099102775138
7099136107430
7099169439721
7099202772065
7099236104357
7099269436648
7099302768992
7099336101284
7099369433575
7099402765867
7099436098211
7099469430502
7099502762794
7099536095138
7099569427430
7099602759721
7099636092065
7099669424357
7099702756648
7099736088992
7099769421284
7099802753575
7099836085867
7099869418211
7099902750502
7099936082794
7099969415138
7100002747430
7100036079721
7100069412065
7100102744357
7100136076648
7100169408992
7100202741284
7100236073575
7100269405867
7100302738211
7100336070502
7100369402794
7100402735138
7100436067430
7100469399721
7100502732065
7100536064357
7100569396648
7100602728992
7100636061284
7100669393575
7100702725867
7100736058211
7100769390502
7100802722794
7100836055138
7100869387430
7100902719721
7100936052065
7100969384357
7101002716648
7101036048940
7101069381284
7101102713575
7101136045867
7101169378211
7101202710502
7101236042794
7101269375138
7101302707430
7101336039721
7101369372065
7101402704357
7101436036648
7101469368992
7101502701284
7101536033575
7101569365867
7101602698211
7101636030502
7101669362794
7101702695138
7101736027430
7101769359721
7101802692065
7101836024357
7101869356648
7101902688992
7101936021284
7101969353575
7102002685867
7102036018211
7102069350502
7102102682794
7102136015138
7102169347430
7102202679721
7102236012065
7102269344357
7102302676648
7102336008992
7102369341284
7102402673575
7102436005867
7102469338211
7102502670502
7102536002794
7102569335138
7102602667430
7102635999721
7102669332065
7102702664357
7102735996648
7102769328992
7102802661284
7102835993575
7102869325867
7102902658211
7102935990502
7102969322794
7103002655138
7103035987430
7103069319721
7103102652065
7103135984357
7103169316648
7103202648992
7103235981284
7103269313575
7103302645867
7103335978211
7103369310502
7103402642794
7103435975138
7103469307430
7103502639721
7103535972065
7103569304357
7103602636648
7103635968992
7103669301284
7103702633575
7103735965867
7103769298211
7103802630502
7103835962794
7103869295138
7103902627430
7103935959721
7103969292065
7104002624357
7104035956648
7104069288940
7104102621284
7104135953575
7104169285867
7104202618211
7104235950502
7104269282794
7104302615138
7104335947430
7104369279721
7104402612065
7104435944357
7104469276648
7104502608992
7104535941284
7104569273575
7104602605867
7104635938211
7104669270502
7104702602794
7104735935138
7104769267430
7104802599721
7104835932065
7104869264357
7104902596648
7104935928992
7104969261284
7105002593575
7105035925867
7105069258211
7105102590502
7105135922794
7105169255138
7105202587430
7105235919721
7105269252065
7105302584357
7105335916648
7105369248992
7105402581284
7105435913575
7105469245867
7105502578211
7105535910502
7105569242794
7105602575138
7105635907430
7105669239721
7105702572065
7105735904357
7105769236648
7105802568992
7105835901284
7105869233575
7105902565867
7105935898211
7105969230502
7106002562794
7106035895138
7106069227430
7106102559721
7106135892065
7106169224357
7106202556648
7106235888992
7106269221284
7106302553575
7106335885867
7106369218211
7106402550502
7106435882794
7106469215138
7106502547430
7106535879721
7106569212065
7106602544357
7106635876648
7106669208940
7106702541284
7106735873575
7106769205867
7106802538211
7106835870502
7106869202794
7106902535138
7106935867430
7106969199721
7107002532065
7107035864357
7107069196648
7107102528992
7107135861284
7107169193575
7107202525867
7107235858211
7107269190502
7107302522794
7107335855138
7107369187430
7107402519721
7107435852065
7107469184357
7107502516648
7107535848992
7107569181284
7107602513575
7107635845867
7107669178211
7107702510502
7107735842794
7107769175138
7107802507430
7107835839721
7107869172065
7107902504357
7107935836648
7107969168992
7108002501284
7108035833575
7108069165867
7108102498211
7108135830502
7108169162794
7108202495138
7108235827430
7108269159721
7108302492065
7108335824357
7108369156648
7108402488992
7108435821284
7108469153575
7108502485867
7108535818211
7108569150502
7108602482794
7108635815138
7108669147430
7108702479721
7108735812065
7108769144357
7108802476648
7108835808992
7108869141284
7108902473575
7108935805867
7108969138211
7109002470502
7109035802794
7109069135138
7109102467430
7109135799721
7109169132065
7109202464357
7109235796648
7109269128992
7109302461284
7109335793575
7109369125867
7109402458211
7109435790502
7109469122794
7109502455138
7109535787430
7109569119721
7109602452065
7109635784357
7109669116648
7109702448992
7109735781284
7109769113575
7109802445867
7109835778211
7109869110502
7109902442794
7109935775138
7109969107430
7110002439721
7110035772065
7110069104357
7110102436648
7110135768940
7110169101284
7110202433575
7110235765867
7110269098211
7110302430502
7110335762794
7110369095138
7110402427430
7110435759721
7110469092065
7110502424357
7110535756648
7110569088992
7110602421284
7110635753575
7110669085867
7110702418211
7110735750502
7110769082794
7110802415138
7110835747430
7110869079721
7110902412065
7110935744357
7110969076648
7111002408992
7111035741284
7111069073575
7111102405867
7111135738211
7111169070502
7111202402794
7111235735138
7111269067430
7111302399721
7111335732065
7111369064357
7111402396648
7111435728992
7111469061284
7111502393575
7111535725867
7111569058211
7111602390502
7111635722794
7111669055138
7111702387430
7111735719721
7111769052065
7111802384357
7111835716648
7111869048940
7111902381284
7111935713575
7111969045867
7112002378211
7112035710502
7112069042794
7112102375138
7112135707430
7112169039721
7112202372065
7112235704357
7112269036648
7112302368992
7112335701284
7112369033575
7112402365867
7112435698211
7112469030502
7112502362794
7112535695138
7112569027430
7112602359721
7112635692065
7112669024357
7112702356648
7112735688992
7112769021284
7112802353575
7112835685867
7112869018211
7112902350502
7112935682794
7112969015138
7113002347430
7113035679721
7113069012065
7113102344357
7113135676648
7113169008992
7113202341284
7113235673575
7113269005867
7113302338211
7113335670502
7113369002794
7113402335138
7113435667430
7113468999721
7113502332065
7113535664357
7113568996648
7113602328992
7113635661284
7113668993575
7113702325867
7113735658211
7113768990502
7113802322794
7113835655138
7113868987430
7113902319721
7113935652065
7113968984357
7114002316648
7114035648992
7114068981284
7114102313575
7114135645867
7114168978211
7114202310502
7114235642794
7114268975138
7114302307430
7114335639721
7114368972065
7114402304357
7114435636648
7114468968940
7114502301284
7114535633575
7114568965867
7114602298211
7114635630502
7114668962794
7114702295138
7114735627430
7114768959721
7114802292065
7114835624357
7114868956648
7114902288940
7114935621284
7114968953575
7115002285867
7115035618211
7115068950502
7115102282794
7115135615138
7115168947430
7115202279721
7115235612065
7115268944357
7115302276648
7115335608992
7115368941284
7115402273575
7115435605867
7115468938211
7115502270502
7115535602794
7115568935138
7115602267430
7115635599721
7115668932065
7115702264357
7115735596648
7115768928992
7115802261284
7115835593575
7115868925867
7115902258211
7115935590502
7115968922794
7116002255138
7116035587430
7116068919721
7116102252065
7116135584357
7116168916648
7116202248992
7116235581284
7116268913575
7116302245867
7116335578211
7116368910502
7116402242794
7116435575138
7116468907430
7116502239721
7116535572065
7116568904357
7116602236648
7116635568940
7116668901284
7116702233575
7116735565867
7116768898211
7116802230502
7116835562794
7116868895138
7116902227430
7116935559721
7116968892065
7117002224357
7117035556648
7117068888992
7117102221284
7117135553575
7117168885867
7117202218211
7117235550502
7117268882794
7117302215138
7117335547430
7117368879721
7117402212065
7117435544357
7117468876648
7117502208940
7117535541284
7117568873575
7117602205867
7117635538211
7117668870502
7117702202794
7117735535138
7117768867430
7117802199721
7117835532065
7117868864357
7117902196648
7117935528992
7117968861284
7118002193575
7118035525867
7118068858211
7118102190502
7118135522794
7118168855138
7118202187430
7118235519721
7118268852065
7118302184357
7118335516648
7118368848992
7118402181284
7118435513575
7118468845867
7118502178211
7118535510502
7118568842794
7118602175138
7118635507430
7118668839721
7118702172065
7118735504357
7118768836648
7118802168992
7118835501284
7118868833575
7118902165867
7118935498211
7118968830502
7119002162794
7119035495138
7119068827430
7119102159721
7119135492065
7119168824357
7119202156648
7119235488992
7119268821284
7119302153575
7119335485867
7119368818211
7119402150502
7119435482794
7119468815138
7119502147430
7119535479721
7119568812065
7119602144357
7119635476648
7119668808940
7119702141284
7119735473575
7119768805867
7119802138211
7119835470502
7119868802794
7119902135138
7119935467430
7119968799721
7120002132065
7120035464357
7120068796648
7120102128992
7120135461284
7120168793575
7120202125867
7120235458211
7120268790502
7120302122794
7120335455138
7120368787430
7120402119721
7120435452065
7120468784357
7120502116648
7120535448992
7120568781284
7120602113575
7120635445867
7120668778211
7120702110502
7120735442794
7120768775138
7120802107430
7120835439721
7120868772065
7120902104357
7120935436648
7120968768992
7121002101284
7121035433575
7121068765867
7121102098211
7121135430502
7121168762794
7121202095138
7121235427430
7121268759721
7121302092065
7121335424357
7121368756648
7121397088992
7121430421284
7121463753575
7121502085867
7121535418211
7121568750502
7121602082794
7121635415138
7121668747430
7121702079721
7121735412065
7121768744357
7121802076648
7121835408940
7121868741284
7121902073575
7121935405867
7121968738211
7122002070502
7122035402794
7122068735138
7122102067430
7122135399721
7122168732065
7122202064357
7122235396648
7122268728992
7122302061284
7122335393575
7122368725867
7122402058211
7122435390502
7122468722794
7122502055138
7122535387430
7122568719721
7122602052065
7122635384357
7122668716648
7122702048992
7122735381284
7122768713575
7122802045867
7122835378211
7122868710502
7122902042794
7122935375138
7122968707430
7123002039721
7123035372065
7123068704357
7123102036648
7123135368992
7123168701284
7123202033575
7123235365867
7123268698211
7123302030502
7123335362794
7123368695138
7123402027430
7123435359721
7123468692065
7123502024357
7123535356648
7123568688992
7123602021284
7123635353575
7123668685867
7123702018211
7123735350502
7123768682794
7123802015138
7123835347430
7123868679721
7123902012065
7123935344357
7123968676648
7124002008940
7124035341284
7124068673575
7124102005867
7124135338211
7124168670502
7124202002794
7124235335138
7124268667430
7124301999721
7124335332065
7124368664357
7124401996648
7124435328992
7124468661284
7124501993575
7124535325867
7124568658211
7124601990502
7124635322794
7124668655138
7124701987430
7124735319721
7124768652065
7124801984357
7124835316648
7124868648992
7124901981284
7124935313575
7124968645867
7125001978211
7125035310502
7125068642794
7125101975138
7125135307430
7125168639721
7125201972065
7125235304357
7125268636648
7125301968940
7125335301284
7125368633575
7125401965867
7125435298211
7125468630502
7125501962794
7125535295138
7125568627430
7125601959721
7125635292065
7125668624357
7125701956648
7125735288992
7125768621284
7125801953575
7125835285867
7125868618211
7125901950502
7125935282794
7125968615138
7126001947430
7126035279721
7126068612065
7126101944357
7126135276648
7126168608992
7126201941284
7126235273575
7126268605867
7126301938211
7126335270502
7126368602794
7126401935138
7126435267430
7126468599721
7126501932065
7126535264357
7126568596648
7126601928992
7126635261284
7126668593575
7126701925867
7126735258211
7126768590502
7126801922794
7126835255138
7126868587430
7126901919721
7126935252065
7126968584357
7127001916648
7127035248992
7127068581284
7127101913575
7127135245867
7127168578211
7127201910502
7127235242794
7127268575138
7127301907430
7127335239721
7127368572065
7127401904357
7127435236648
7127468568940
7127501901284
7127535233575
7127568565867
7127601898211
7127635230502
7127668562794
7127701895138
7127735227430
7127768559721
7127801892065
7127835224357
7127868556648
7127901888992
7127935221284
7127968553575
7128001885867
7128035218211
7128068550502
7128101882794
7128135215138
7128168547430
7128201879721
7128235212065
7128268544357
7128301876648
7128335208940
7128368541284
7128401873575
7128435205867
7128468538211
7128501870502
7128535202794
7128568535138
7128601867430
7128635199721
7128668532065
7128701864357
7128735196648
7128768528940
7128801861284
7128835193575
7128868525867
7128901858211
7128935190502
7128968522794
7129001855138
7129035187430
7129068519721
7129101852065
7129135184357
7129168516648
7129201848940
7129235181284
7129268513575
7129301845867
7129335178211
7129368510502
7129401842794
7129435175138
7129468507430
7129501839721
7129535172065
7129568504357
7129601836648
7129635168992
7129668501284
7129701833575
7129735165867
7129768498211
7129801830502
7129835162794
7129868495138
7129901827430
7129935159721
7129968492065
7130001824357
7130035156648
7130068488992
7130101821284
7130135153575
7130168485867
7130201818211
7130235150502
7130268482794
7130301815138
7130335147430
7130368479721
7130401812065
7130435144357
7130468476648
7130501808992
7130535141284
7130568473575
7130601805867
7130635138211
7130668470502
7130701802794
7130735135138
7130768467430
7130801799721
7130835132065
7130868464357
7130901796648
7130935128940
7130968461284
7131001793575
7131035125867
7131068458211
7131101790502
7131135122794
7131168455138
7131201787430
7131235119721
7131268452065
7131301784357
7131335116648
7131368448992
7131401781284
7131435113575
7131468445867
7131501778211
7131535110502
7131568442794
7131601775138
7131635107430
7131668439721
7131701772065
7131735104357
7131768436648
7131801768940
7131835101284
7131868433575
7131901765867
7131935098211
7131968430502
7132001762794
7132035095138
7132068427430
7132101759721
7132135092065
7132168424357
7132201756648
7132235088992
7132268421284
7132301753575
7132335085867
7132368418211
7132401750502
7132435082794
7132468415138
7132501747430
7132535079721
7132568412065
7132601744357
7132635076648
7132668408940
7132701741284
7132735073575
7132768405867
7132801738211
7132835070502
7132868402794
7132901735138
7132935067430
7132968399721
7133001732065
7133035064357
7133068396648
7133101728992
7133135061284
7133168393575
7133201725867
7133235058211
7133268390502
7133301722794
7133335055138
7133368387430
7133401719721
7133435052065
7133468384357
7133501716648
7133535048992
7133568381284
7133601713575
7133635045867
7133668378211
7133701710502
7133735042794
7133768375138
7133801707430
7133835039721
7133868372065
7133901704357
7133935036648
7133968368992
7134001701284
7134035033575
7134068365867
7134101698211
7134135030502
7134168362794
7134201695138
7134235027430
7134268359721
7134301692065
7134335024357
7134368356648
7134401688992
7134435021284
7134468353575
7134501685867
7134535018211
7134568350502
7134601682794
7134635015138
7134668347430
7134701679721
7134735012065
7134768344357
7134801676648
7134835008992
7134868341284
7134901673575
7134935005867
7134968338211
7135001670502
7135035002794
7135068335138
7135101667430
7135134999721
7135168332065
7135201664357
7135234996648
7135268328992
7135301661284
7135334993575
7135368325867
7135401658211
7135434990502
7135468322794
7135501655138
7135534987430
7135568319721
7135601652065
7135634984357
7135668316648
7135701648992
7135734981284
7135768313575
7135801645867
7135834978211
7135868310502
7135901642794
7135934975138
7135968307430
7136001639721
7136034972065
7136068304357
7136101636648
7136134968992
7136168301284
7136201633575
7136234965867
7136268298211
7136301630502
7136334962794
7136368295138
7136401627430
7136434959721
7136468292065
7136501624357
7136534956648
7136568288992
7136601621284
7136634953575
7136668285867
7136701618211
7136734950502
7136768282794
7136801615138
7136834947430
7136868279721
7136901612065
7136934944357
7136968276648
7137001608940
7137034941284
7137068273575
7137101605867
7137134938211
7137168270502
7137201602794
7137234935138
7137268267430
7137301599721
7137334932065
7137368264357
7137401596648
7137434928992
7137468261284
7137501593575
7137534925867
7137568258211
7137601590502
7137634922794
7137668255138
7137701587430
7137734919721
7137768252065
7137801584357
7137834916648
7137868248992
7137901581284
7137934913575
7137968245867
7138001578211
7138034910502
7138068242794
7138101575138
7138134907430
7138168239721
7138201572065
7138234904357
7138268236648
7138301568992
7138334901284
7138368233575
7138401565867
7138434898211
7138468230502
7138501562794
7138534895138
7138568227430
7138601559721
7138634892065
7138668224357
7138701556648
7138734888992
7138768221284
7138801553575
7138834885867
7138868218211
7138901550502
7138934882794
7138968215138
7139001547430
7139034879721
7139068212065
7139101544357
7139134876648
7139168208992
7139201541284
7139234873575
7139268205867
7139301538211
7139334870502
7139368202794
7139401535138
7139434867430
7139468199721
7139501532065
7139534864357
7139568196648
7139601528992
7139634861284
7139668193575
7139701525867
7139734858211
7139768190502
7139801522794
7139834855138
7139868187430
7139901519721
7139934852065
7139968184357
7140001516648
7140034848940
7140068181284
7140101513575
7140134845867
7140168178211
7140201510502
7140234842794
7140268175138
7140301507430
7140334839721
7140368172065
7140401504357
7140434836648
7140468168992
7140501501284
7140534833575
7140568165867
7140601498211
7140634830502
7140668162794
7140701495138
7140734827430
7140768159721
7140801492065
7140834824357
7140868156648
7140901488992
7140934821284
7140968153575
7141001485867
7141034818211
7141068150502
7141101482794
7141134815138
7141168147430
7141201479721
7141234812065
7141268144357
7141301476648
7141334808992
7141368141284
7141401473575
7141434805867
7141468138211
7141501470502
7141534802794
7141568135138
7141601467430
7141634799721
7141668132065
7141701464357
7141734796648
7141768128940
7141801461284
7141834793575
7141868125867
7141901458211
7141934790502
7141968122794
7142001455138
7142034787430
7142068119721
7142101452065
7142134784357
7142168116648
7142201448992
7142234781284
7142268113575
7142301445867
7142334778211
7142368110502
7142401442794
7142434775138
7142468107430
7142501439721
7142534772065
7142568104357
7142601436648
7142634768992
7142668101284
7142701433575
7142734765867
7142768098211
7142801430502
7142834762794
7142868095138
7142901427430
7142934759721
7142968092065
7143001424357
7143034756648
7143068088992
7143101421284
7143134753575
7143168085867
7143201418211
7143234750502
7143268082794
7143301415138
7143334747430
7143368079721
7143401412065
7143434744357
7143468076648
7143501408992
7143534741284
7143568073575
7143601405867
7143634738211
7143668070502
7143701402794
7143734735138
7143768067430
7143801399721
7143834732065
7143868064357
7143901396648
7143934728992
7143968061284
7144001393575
7144034725867
7144068058211
7144101390502
7144134722794
7144168055138
7144201387430
7144234719721
7144268052065
7144301384357
7144334716648
7144368048992
7144401381284
7144434713575
7144468045867
7144501378211
7144534710502
7144568042794
7144601375138
7144634707430
7144668039721
7144701372065
7144734704357
7144768036648
7144801368992
7144834701284
7144868033575
7144901365867
7144934698211
7144968030502
7145001362794
7145034695138
7145068027430
7145101359721
7145134692065
7145168024357
7145201356648
7145234688992
7145268021284
7145301353575
7145334685867
7145368018211
7145401350502
7145434682794
7145468015138
7145501347430
7145534679721
7145568012065
7145601344357
7145634676648
7145668008992
7145701341284
7145734673575
7145768005867
7145801338211
7145834670502
7145868002794
7145901335138
7145934667430
7145967999721
7146001332065
7146034664357
7146067996648
7146101328992
7146134661284
7146167993575
7146201325867
7146234658211
7146267990502
7146301322794
7146334655138
7146367987430
7146401319721
7146434652065
7146467984357
7146501316648
7146534648992
7146567981284
7146601313575
7146634645867
7146667978211
7146701310502
7146734642794
7146767975138
7146801307430
7146834639721
7146867972065
7146901304357
7146934636648
7146967968940
7147001301284
7147034633575
7147067965867
7147101298211
7147134630502
7147167962794
7147201295138
7147234627430
7147267959721
7147301292065
7147334624357
7147367956648
7147401288940
7147434621284
7147467953575
7147501285867
7147534618211
7147567950502
7147601282794
7147634615138
7147667947430
7147701279721
7147734612065
7147767944357
7147801276648
7147834608992
7147867941284
7147901273575
7147934605867
7147967938211
7148001270502
7148034602794
7148067935138
7148101267430
7148134599721
7148167932065
7148201264357
7148234596648
7148267928992
7148301261284
7148334593575
7148367925867
7148401258211
7148434590502
7148467922794
7148501255138
7148534587430
7148567919721
7148601252065
7148634584357
7148667916648
7148701248992
7148734581284
7148767913575
7148801245867
7148834578211
7148867910502
7148901242794
7148934575138
7148967907430
7149001239721
7149034572065
7149067904357
7149101236648
7149134568992
7149167901284
7149201233575
7149234565867
7149267898211
7149301230502
7149334562794
7149367895138
7149401227430
7149434559721
7149467892065
7149501224357
7149534556648
7149567888992
7149601221284
7149634553575
7149667885867
7149701218211
7149734550502
7149767882794
7149801215138
7149834547430
7149867879721
7149901212065
7149934544357
7149967876648
7150001208992
7150034541284
7150067873575
7150101205867
7150134538211
7150167870502
7150201202794
7150234535138
7150267867430
7150301199721
7150334532065
7150367864357
7150401196648
7150434528940
7150467861284
7150501193575
7150534525867
7150567858211
7150601190502
7150634522794
7150667855138
7150701187430
7150734519721
7150767852065
7150801184357
7150834516648
7150867848992
7150901181284
7150934513575
7150967845867
7151001178211
7151034510502
7151067842794
7151101175138
7151134507430
7151167839721
7151201172065
7151234504357
7151267836648
7151301168992
7151334501284
7151367833575
7151401165867
7151434498211
7151467830502
7151501162794
7151534495138
7151567827430
7151601159721
7151634492065
7151667824357
7151701156648
7151734488992
7151767821284
7151801153575
7151834485867
7151867818211
7151901150502
7151934482794
7151967815138
7152001147430
7152034479721
7152067812065
7152101144357
7152134476648
7152167808940
7152201141284
7152234473575
7152267805867
7152301138211
7152334470502
7152367802794
7152401135138
7152434467430
7152467799721
7152501132065
7152534464357
7152567796648
7152601128992
7152634461284
7152667793575
7152701125867
7152734458211
7152767790502
7152801122794
7152834455138
7152867787430
7152901119721
7152934452065
7152967784357
7153001116648
7153034448992
7153067781284
7153101113575
7153134445867
7153167778211
7153201110502
7153234442794
7153267775138
7153301107430
7153334439721
7153367772065
7153401104357
7153434436648
7153467768992
7153501101284
7153534433575
7153567765867
7153601098211
7153634430502
7153667762794
7153701095138
7153734427430
7153767759721
7153801092065
7153834424357
7153867756648
7153901088992
7153934421284
7153967753575
7154001085867
7154034418211
7154067750502
7154101082794
7154134415138
7154167747430
7154201079721
7154234412065
7154267744357
7154301076648
7154334408992
7154367741284
7154401073575
7154434405867
7154467738211
7154501070502
7154534402794
7154567735138
7154601067430
7154634399721
7154667732065
7154701064357
7154734396648
7154767728940
7154801061284
7154834393575
7154867725867
7154901058211
7154934390502
7154967722794
7155001055138
7155034387430
7155067719721
7155101052065
7155134384357
7155167716648
7155201048992
7155234381284
7155267713575
7155301045867
7155334378211
7155367710502
7155401042794
7155434375138
7155467707430
7155501039721
7155534372065
7155567704357
7155601036648
7155634368992
7155667701284
7155701033575
7155734365867
7155767698211
7155801030502
7155834362794
7155867695138
7155901027430
7155934359721
7155967692065
7156001024357
7156034356648
7156067688992
7156101021284
7156134353575
7156167685867
7156201018211
7156234350502
7156267682794
7156301015138
7156334347430
7156367679721
7156401012065
7156434344357
7156467676648
7156501008992
7156534341284
7156567673575
7156601005867
7156634338211
7156667670502
7156701002794
7156734335138
7156767667430
7156800999721
7156834332065
7156867664357
7156900996648
7156934328940
7156967661284
7157000993575
7157034325867
7157067658211
7157100990502
7157134322794
7157167655138
7157200987430
7157234319721
7157267652065
7157300984357
7157334316648
7157367648992
7157400981284
7157434313575
7157467645867
7157500978211
7157534310502
7157567642794
7157600975138
7157634307430
7157667639721
7157700972065
7157734304357
7157767636648
7157800968992
7157834301284
7157867633575
7157900965867
7157934298211
7157967630502
7158000962794
7158034295138
7158067627430
7158100959721
7158134292065
7158167624357
7158200956648
7158234288992
7158267621284
7158300953575
7158334285867
7158367618211
7158400950502
7158434282794
7158467615138
7158500947430
7158534279721
7158567612065
7158600944357
7158634276648
7158667608992
7158700941284
7158734273575
7158767605867
7158800938211
7158834270502
7158867602794
7158900935138
7158934267430
7158967599721
7159000932065
7159034264357
7159067596648
7159100928992
7159134261284
7159167593575
7159200925867
7159234258211
7159267590502
7159300922794
7159334255138
7159367587430
7159400919721
7159434252065
7159467584357
7159500916648
7159534248992
7159567581284
7159600913575
7159634245867
7159667578211
7159700910502
7159734242794
7159767575138
7159800907430
7159834239721
7159867572065
7159900904357
7159934236648
7159967568992
7160000901284
7160034233575
7160067565867
7160100898211
7160134230502
7160167562794
7160200895138
7160234227430
7160267559721
7160300892065
7160334224357
7160367556648
7160400888992
7160434221284
7160467553575
7160500885867
7160534218211
7160567550502
7160600882794
7160634215138
7160667547430
7160700879721
7160734212065
7160767544357
7160800876648
7160834208992
7160867541284
7160900873575
7160934205867
7160967538211
7161000870502
7161034202794
7161067535138
7161100867430
7161134199721
7161167532065
7161200864357
7161234196648
7161267528992
7161300861284
7161334193575
7161367525867
7161400858211
7161434190502
7161467522794
7161500855138
7161534187430
7161567519721
7161600852065
7161634184357
7161667516648
7161700848992
7161734181284
7161767513575
7161800845867
7161834178211
7161867510502
7161900842794
7161934175138
7161967507430
7162000839721
7162034172065
7162067504357
7162100836648
7162134168992
7162167501284
7162200833575
7162234165867
7162267498211
7162300830502
7162334162794
7162367495138
7162400827430
7162434159721
7162467492065
7162500824357
7162534156648
7162567488992
7162600821284
7162634153575
7162667485867
7162700818211
7162734150502
7162767482794
7162800815138
7162834147430
7162867479721
7162900812065
7162934144357
7162967476648
7163000808992
7163034141284
7163067473575
7163100805867
7163134138211
7163167470502
7163200802794
7163234135138
7163267467430
7163300799721
7163334132065
7163367464357
7163400796648
7163434128992
7163467461284
7163500793575
7163534125867
7163567458211
7163600790502
7163634122794
7163667455138
7163700787430
7163734119721
7163767452065
7163800784357
7163834116648
7163867448992
7163900781284
7163934113575
7163967445867
7164000778211
7164034110502
7164067442794
7164100775138
7164134107430
7164167439721
7164200772065
7164234104357
7164267436648
7164300768992
7164334101284
7164367433575
7164400765867
7164434098211
7164467430502
7164500762794
7164534095138
7164567427430
7164600759721
7164634092065
7164667424357
7164700756648
7164734088992
7164767421284
7164800753575
7164834085867
7164867418211
7164900750502
7164934082794
7164967415138
7165000747430
7165034079721
7165067412065
7165100744357
7165134076648
7165167408992
7165200741284
7165234073575
7165267405867
7165300738211
7165334070502
7165367402794
7165400735138
7165434067430
7165467399721
7165500732065
7165534064357
7165567396648
7165600728992
7165634061284
7165667393575
7165700725867
7165734058211
7165767390502
7165800722794
7165834055138
7165867387430
7165900719721
7165934052065
7165967384357
7166000716648
7166034048992
7166067381284
7166100713575
7166134045867
7166167378211
7166200710502
7166234042794
7166267375138
7166300707430
7166334039721
7166367372065
7166400704357
7166434036648
7166467368940
7166500701284
7166534033575
7166567365867
7166600698211
7166634030502
7166667362794
7166700695138
7166734027430
7166767359721
7166800692065
7166834024357
7166867356648
7166900688940
7166934021284
7166967353575
7167000685867
7167034018211
7167067350502
7167100682794
7167134015138
7167167347430
7167200679721
7167234012065
7167267344357
7167300676648
7167334008940
7167367341284
7167400673575
7167434005867
7167467338211
7167500670502
7167534002794
7167567335138
7167600667430
7167633999721
7167667332065
7167700664357
7167733996648
7167767328992
7167800661284
7167833993575
7167867325867
7167900658211
7167933990502
7167967322794
7168000655138
7168033987430
7168067319721
7168100652065
7168133984357
7168167316648
7168200648940
7168233981284
7168267313575
7168300645867
7168333978211
7168367310502
7168400642794
7168433975138
7168467307430
7168500639721
7168533972065
7168567304357
7168600636648
7168633968992
7168667301284
7168700633575
7168733965867
7168767298211
7168800630502
7168833962794
7168867295138
7168900627430
7168933959721
7168967292065
7169000624357
7169033956648
7169067288940
7169100621284
7169133953575
7169167285867
7169200618211
7169233950502
7169267282794
7169300615138
7169333947430
7169367279721
7169400612065
7169433944357
7169467276648
7169500608992
7169533941284
7169567273575
7169600605867
7169633938211
7169667270502
7169700602794
7169733935138
7169767267430
7169800599721
7169833932065
7169867264357
7169900596648
7169933928940
7169967261284
7170000593575
7170033925867
7170067258211
7170100590502
7170133922794
7170167255138
7170200587430
7170233919721
7170267252065
7170300584357
7170333916648
7170367248992
7170400581284
7170433913575
7170467245867
7170500578211
7170533910502
7170567242794
7170600575138
7170633907430
7170667239721
7170700572065
7170733904357
7170767236648
7170800568992
7170833901284
7170867233575
7170900565867
7170933898211
7170967230502
7171000562794
7171033895138
7171067227430
7171100559721
7171133892065
7171167224357
7171200556648
7171233888992
7171267221284
7171300553575
7171333885867
7171367218211
7171400550502
7171433882794
7171467215138
7171500547430
7171533879721
7171567212065
7171600544357
7171633876648
7171667208940
7171700541284
7171733873575
7171767205867
7171800538211
7171833870502
7171867202794
7171900535138
7171933867430
7171967199721
7172000532065
7172033864357
7172067196648
7172100528940
7172133861284
7172167193575
7172200525867
7172233858211
7172267190502
7172300522794
7172333855138
7172367187430
7172400519721
7172433852065
7172467184357
7172500516648
7172533848992
7172567181284
7172600513575
7172633845867
7172667178211
7172700510502
7172733842794
7172767175138
7172800507430
7172833839721
7172867172065
7172900504357
7172933836648
7172967168992
7173000501284
7173033833575
7173067165867
7173100498211
7173133830502
7173167162794
7173200495138
7173233827430
7173267159721
7173300492065
7173333824357
7173367156648
7173400488992
7173433821284
7173467153575
7173500485867
7173533818211
7173567150502
7173600482794
7173633815138
7173667147430
7173700479721
7173733812065
7173767144357
7173800476648
7173833808992
7173867141284
7173900473575
7173933805867
7173967138211
7174000470502
7174033802794
7174067135138
7174100467430
7174133799721
7174167132065
7174200464357
7174233796648
7174267128992
7174300461284
7174333793575
7174367125867
7174400458211
7174433790502
7174467122794
7174500455138
7174533787430
7174567119721
7174600452065
7174633784357
7174667116648
7174700448992
7174733781284
7174767113575
7174800445867
7174833778211
7174867110502
7174900442794
7174933775138
7174967107430
7175000439721
7175033772065
7175067104357
7175100436648
7175133768992
7175167101284
7175200433575
7175233765867
7175267098211
7175300430502
7175333762794
7175367095138
7175400427430
7175433759721
7175467092065
7175500424357
7175533756648
7175567088940
7175600421284
7175633753575
7175667085867
7175700418211
7175733750502
7175767082794
7175800415138
