7622752142744
7622785475035
7622818807327
7622852139671
7622885471963
7622918804254
7622952136598
7622985468890
7623018801181
7623052133525
7623085465817
7623118798108
7623152130400
7623185462744
7623218795035
7623252127327
7623285459671
7623318791963
7623352124254
7623385456598
7623418788890
7623452121181
7623485453525
7623518785817
7623552118108
7623585450400
7623618782744
7623652115035
7623685447327
7623718779671
7623752111963
7623785444254
7623818776598
7623852108890
7623885441181
7623918773525
7623952105817
7623985438108
7624018770400
7624052102744
7624085435035
7624118767327
7624152099671
7624185431963
7624218764254
7624252096598
7624285428890
7624318761181
7624352093525
7624385425817
7624418758108
7624452090400
7624485422744
7624518755035
7624552087327
7624585419671
7624618751963
7624652084254
7624685416598
7624718748890
7624752081181
7624785413525
7624818745817
7624852078108
7624885410400
7624918742744
7624952075035
7624985407327
7625018739671
7625052071963
7625085404254
7625118736598
7625152068890
7625185401181
7625218733525
7625252065817
7625285398108
7625318730400
7625352062744
7625385395035
7625418727327
7625452059671
7625485391963
7625518724254
7625552056598
7625585388890
7625618721181
7625652053525
7625685385817
7625718718108
7625752050400
7625785382744
7625818715035
7625852047327
7625885379671
7625918711963
7625952044254
7625985376598
7626018708890
7626052041181
7626085373525
7626118705817
7626152038108
7626185370400
7626218702744
7626252035035
7626285367327
7626318699671
7626352031963
7626385364254
7626418696598
7626452028890
7626485361181
7626518693525
7626552025817
7626585358108
7626618690400
7626652022744
7626685355035
7626718687379
7626752019671
7626785351963
7626818684254
7626852016598
7626885348890
7626918681181
7626952013525
7626985345817
7627018678108
7627052010400
7627085342744
7627118675035
7627152007327
7627185339671
7627218671963
7627252004254
7627285336598
7627318668890
7627352001181
7627385333525
7627418665817
7627451998108
7627485330400
7627518662744
7627551995035
7627585327327
7627618659671
7627651991963
7627685324254
7627718656598
7627751988890
7627785321181
7627818653525
7627851985817
7627885318108
7627918650400
7627951982744
7627985315035
7628018647327
7628051979671
7628085311963
7628118644254
7628151976598
7628185308890
7628218641181
7628251973525
7628285305817
7628318638108
7628351970400
7628385302744
7628418635035
7628451967327
7628485299671
7628518631963
7628551964254
7628585296598
7628618628890
7628651961181
7628685293525
7628718625817
7628751958108
7628785290452
7628818622744
7628851955035
7628885287327
7628918619671
7628951951963
7628985284254
7629018616598
7629051948890
7629085281181
7629118613525
7629151945817
7629185278108
7629218610400
7629251942744
7629285275035
7629318607327
7629351939671
7629385271963
7629418604254
7629451936598
7629485268890
7629518601181
7629551933525
7629585265817
7629618598108
7629651930400
7629685262744
7629718595035
7629751927327
7629785259671
7629818591963
7629851924254
7629885256598
7629918588890
7629951921181
7629985253525
7630018585817
7630051918108
7630085250400
7630118582744
7630151915035
7630185247327
7630218579671
7630251911963
7630285244254
7630318576598
7630351908890
7630385241181
7630418573525
7630451905817
7630485238108
7630518570400
7630551902744
7630585235035
7630618567327
7630651899671
7630685231963
7630718564254
7630751896598
7630785228890
7630818561181
7630851893525
7630885225817
7630918558108
7630951890400
7630985222744
7631018555035
7631051887379
7631085219671
7631118551963
7631151884254
7631185216598
7631218548890
7631251881181
7631285213525
7631318545817
7631351878108
7631385210400
7631418542744
7631451875035
7631485207327
7631518539671
7631551871963
7631585204254
7631618536598
7631651868890
7631685201181
7631718533525
7631751865817
7631785198108
7631818530400
7631851862744
7631885195035
7631918527327
7631951859671
7631985191963
7632018524254
7632051856598
7632085188890
7632118521181
7632151853525
7632185185817
7632218518108
7632251850400
7632285182744
7632318515035
7632351847327
7632385179671
7632418511963
7632451844254
7632485176598
7632518508890
7632551841181
7632585173525
7632618505817
7632651838108
7632685170400
7632718502744
7632751835035
7632785167327
7632818499671
7632851831963
7632885164254
7632918496598
7632951828890
7632985161181
7633018493525
7633051825817
7633085158108
7633118490400
7633151822744
7633185155035
7633218487327
7633251819671
7633285151963
7633318484254
7633351816598
7633385148890
7633418481181
7633451813525
7633485145817
7633518478108
7633551810400
7633585142744
7633618475035
7633651807327
7633685139671
7633718471963
7633751804254
7633785136598
7633818468890
7633851801181
7633885133525
7633918465817
7633951798108
7633985130400
7634018462744
7634051795035
7634085127327
7634118459671
7634151791963
7634185124254
7634218456598
7634251788890
7634285121181
7634318453525
7634351785817
7634385118108
7634418450400
7634451782744
7634485115035
7634518447327
7634551779671
7634585111963
7634618444254
7634651776598
7634685108890
7634718441181
7634751773525
7634785105817
7634818438108
7634851770400
7634885102744
7634918435035
7634951767327
7634985099671
7635018431963
7635051764254
7635085096598
7635118428890
7635151761181
7635185093525
7635218425817
7635251758108
7635285090400
7635318422744
7635351755035
7635385087327
7635418419671
7635451751963
7635485084254
7635518416598
7635551748890
7635585081181
7635618413525
7635651745817
7635685078108
7635718410400
7635751742744
7635785075035
7635818407327
7635851739671
7635885071963
7635918404254
7635946736598
7635980068890
7636013401181
7636046733525
7636080065817
7636113398108
7636146730400
7636180062744
7636213395035
7636246727327
7636280059671
7636313391963
7636346724254
7636380056598
7636413388890
7636446721181
7636480053525
7636513385817
7636546718108
7636585050400
7636618382744
7636651715035
7636685047327
7636718379671
7636751711963
7636785044254
7636818376598
7636851708890
7636885041181
7636918373525
7636951705817
7636985038108
7637018370400
7637051702744
7637085035035
7637118367327
7637151699671
7637185031963
7637218364254
7637251696598
7637285028890
7637318361181
7637351693525
7637385025817
7637418358108
7637451690400
7637485022744
7637518355035
7637551687327
7637585019671
7637618351963
7637651684254
7637685016598
7637718348890
7637751681181
7637785013525
7637818345817
7637851678108
7637885010400
7637918342744
7637951675035
7637985007327
7638018339671
7638051671963
7638085004254
7638118336598
7638151668890
7638185001181
7638218333525
7638251665817
7638284998108
7638318330400
7638351662744
7638384995035
7638418327327
7638451659671
7638484991963
7638518324254
7638551656598
7638584988890
7638618321181
7638651653525
7638684985817
7638718318108
7638751650400
7638784982744
7638818315035
7638851647327
7638884979671
7638918311963
7638951644254
7638984976598
7639018308890
7639051641181
7639084973525
7639118305817
7639151638108
7639184970400
7639218302744
7639251635035
7639284967327
7639318299671
7639351631963
7639384964254
7639418296598
7639451628890
7639484961181
7639518293525
7639551625817
7639584958108
7639618290400
7639651622744
7639684955035
7639718287327
7639751619671
7639784951963
7639818284254
7639851616598
7639884948890
7639918281181
7639951613525
7639984945817
7640018278108
7640051610400
7640084942744
7640118275035
7640151607327
7640184939671
7640218271963
7640251604254
7640284936598
7640318268890
7640351601181
7640384933525
7640418265817
7640451598108
7640484930400
7640518262744
7640551595035
7640584927327
7640618259671
7640651591963
7640684924254
7640718256598
7640751588890
7640784921181
7640818253525
7640851585817
7640884918108
7640918250400
7640951582744
7640984915035
7641018247327
7641051579671
7641084911963
7641118244254
7641151576598
7641184908890
7641218241181
7641251573525
7641284905817
7641318238108
7641351570400
7641384902744
7641418235035
7641451567327
7641484899671
7641518231963
7641551564254
7641584896598
7641618228890
7641651561181
7641684893525
7641718225817
7641751558108
7641784890400
7641818222744
7641851555035
7641884887327
7641918219671
7641951551963
7641984884254
7642018216598
7642051548890
7642084881181
7642118213525
7642151545817
7642184878108
7642218210400
7642251542744
7642284875035
7642318207327
7642351539671
7642384871963
7642418204254
7642451536598
7642484868890
7642518201181
7642551533525
7642584865817
7642618198108
7642651530400
7642684862744
7642718195035
7642751527327
7642784859671
7642818191963
7642851524254
7642884856598
7642918188890
7642951521181
7642984853525
7643018185817
7643051518108
7643084850400
7643118182744
7643151515035
7643184847327
7643218179671
7643251511963
7643284844254
7643318176598
7643351508890
7643384841181
7643418173525
7643451505817
7643484838108
7643518170400
7643551502744
7643584835035
7643618167327
7643651499671
7643684831963
7643718164254
7643751496598
7643784828890
7643818161181
7643851493525
7643884825817
7643918158108
7643951490400
7643984822744
7644018155035
7644051487327
7644084819671
7644118151963
7644151484254
7644184816598
7644218148890
7644251481181
7644284813525
7644318145817
7644351478108
7644384810400
7644418142744
7644451475035
7644484807327
7644518139671
7644551471963
7644584804254
7644618136598
7644651468890
7644684801181
7644718133525
7644751465817
7644784798108
7644818130400
7644851462744
7644884795035
7644918127327
7644951459671
7644984791963
7645018124254
7645051456598
7645084788890
7645118121181
7645151453525
7645184785817
7645218118108
7645251450400
7645284782744
7645318115035
7645351447327
7645384779671
7645418111963
7645451444254
7645484776598
7645518108890
7645551441181
7645584773525
7645618105817
7645651438108
7645684770400
7645718102744
7645751435035
7645784767327
7645818099671
7645851431963
7645884764254
7645918096598
7645951428890
7645984761181
7646018093525
7646051425817
7646084758108
7646118090400
7646151422744
7646184755035
7646218087327
7646251419671
7646284751963
7646318084254
7646351416598
7646384748890
7646418081181
7646451413525
7646484745817
7646518078108
7646551410400
7646584742744
7646618075035
7646651407327
7646684739671
7646718071963
7646751404254
7646784736598
7646818068890
7646851401181
7646884733525
7646918065817
7646951398108
7646984730400
7647018062744
7647051395035
7647084727327
7647118059671
7647151391963
7647184724254
7647213056598
7647246388890
7647279721181
7647313053525
7647346385817
7647379718108
7647413050400
7647446382744
7647479715035
7647513047327
7647546379671
7647584711963
7647618044254
7647651376598
7647684708890
7647718041181
7647751373525
7647784705817
7647818038108
7647851370400
7647884702744
7647918035035
7647951367327
7647984699671
7648018031963
7648051364254
7648084696598
7648118028890
7648151361181
7648184693525
7648218025817
7648251358108
7648284690400
7648318022744
7648351355035
7648384687327
7648418019671
7648451351963
7648484684254
7648518016598
7648551348890
7648584681181
7648618013525
7648651345817
7648684678108
7648718010400
7648751342744
7648784675035
7648818007327
7648851339671
7648884671963
7648918004254
7648951336598
7648984668890
7649018001181
7649051333525
7649084665817
7649117998108
7649151330400
7649184662744
7649217995035
7649251327327
7649284659671
7649317991963
7649351324254
7649384656598
7649417988890
7649451321181
7649484653525
7649517985817
7649551318108
7649584650400
7649617982744
7649651315035
7649684647327
7649717979671
7649751311963
7649784644254
7649817976598
7649851308890
7649884641181
7649917973525
7649951305817
7649984638108
7650017970400
7650051302744
7650084635035
7650117967327
7650151299671
7650184631963
7650217964254
7650251296598
7650284628890
7650317961181
7650351293525
7650384625817
7650417958108
7650451290400
7650484622744
7650517955035
7650551287327
7650584619671
7650617951963
7650651284254
7650684616598
7650717948890
7650751281181
7650784613525
7650817945817
7650851278108
7650884610400
7650917942744
7650951275035
7650984607327
7651017939671
7651051271963
7651084604254
7651117936598
7651151268890
7651184601181
7651217933525
7651251265817
7651284598108
7651317930400
7651351262744
7651384595035
7651417927327
7651451259671
7651484591963
7651517924254
7651551256598
7651584588890
7651617921181
7651651253525
7651684585817
7651717918108
7651751250400
7651784582744
7651817915035
7651851247327
7651884579671
7651917911963
7651951244254
7651984576598
7652017908890
7652051241181
7652084573525
7652117905817
7652151238108
7652184570400
7652217902744
7652251235035
7652284567327
7652317899671
7652351231963
7652384564254
7652417896598
7652451228890
7652484561181
7652517893525
7652551225817
7652584558108
7652617890400
7652651222744
7652684555035
7652717887327
7652751219671
7652784551963
7652817884254
7652851216598
7652884548890
7652917881181
7652951213525
7652984545817
7653017878108
7653051210400
7653084542744
7653117875035
7653151207327
7653184539671
7653217871963
7653251204254
7653284536598
7653317868890
7653351201181
7653384533525
7653417865817
7653451198108
7653484530400
7653517862744
7653551195035
7653584527327
7653617859671
7653651191963
7653684524254
7653717856598
7653751188890
7653784521181
7653817853525
7653851185817
7653884518108
7653917850400
7653951182744
7653984515035
7654017847327
7654051179671
7654084511963
7654117844254
7654151176598
7654184508890
7654217841181
7654251173525
7654284505817
7654317838108
7654351170400
7654384502744
7654417835035
7654451167327
7654484499671
7654517831963
7654551164254
7654584496598
7654617828890
7654651161181
7654684493525
7654717825817
7654751158108
7654784490400
7654817822744
7654851155035
7654884487327
7654917819671
7654951151963
7654984484254
7655017816598
7655051148890
7655084481181
7655117813525
7655151145817
7655184478108
7655217810400
7655251142744
7655284475035
7655317807327
7655351139671
7655384471963
7655417804254
7655451136598
7655484468890
7655517801181
7655551133525
7655584465817
7655617798108
7655651130400
7655684462744
7655717795035
7655751127327
7655784459671
7655817791963
7655851124254
7655884456598
7655917788890
7655951121181
7655984453525
7656017785817
7656051118108
7656084450400
7656117782744
7656151115035
7656184447327
7656217779671
7656251111963
7656284444254
7656317776598
7656351108890
7656384441181
7656417773525
7656451105817
7656484438108
7656517770400
7656551102744
7656584435035
7656617767327
7656651099671
7656684431963
7656717764254
7656751096598
7656784428890
7656817761181
7656851093525
7656884425817
7656917758108
7656951090400
7656984422744
7657017755035
7657051087327
7657084419671
7657117751963
7657151084254
7657184416598
7657217748890
7657251081181
7657284413525
7657317745817
7657351078108
7657384410400
7657417742744
7657451075035
7657484407327
7657517739671
7657551071963
7657584404254
7657617736598
7657651068890
7657684401181
7657717733525
7657751065817
7657784398108
7657817730400
7657851062744
7657884395035
7657917727327
7657951059671
7657984391963
7658017724254
7658051056598
7658084388890
7658117721181
7658151053525
7658184385817
7658217718108
7658251050400
7658284382744
7658317715035
7658351047327
7658384379671
7658417711963
7658451044254
7658484376598
7658517708890
7658551041181
7658584373525
7658617705817
7658651038108
7658684370400
7658717702744
7658751035035
7658784367327
7658817699671
7658851031963
7658884364254
7658917696598
7658951028890
7658984361181
7659017693525
7659051025817
7659084358108
7659117690400
7659151022744
7659184355035
7659217687327
7659251019671
7659284351963
7659317684254
7659351016598
7659384348890
7659417681181
7659451013525
7659484345817
7659517678108
7659551010400
7659584342744
7659617675035
7659651007327
7659684339671
7659717671963
7659751004254
7659784336598
7659817668890
7659851001181
7659884333525
7659917665817
7659950998108
7659984330400
7660017662744
7660050995035
7660084327327
7660117659671
7660150991963
7660184324254
7660217656598
7660250988890
7660284321181
7660317653525
7660350985817
7660384318108
7660417650400
7660450982744
7660484315035
7660517647327
7660550979671
7660584311963
7660617644254
7660650976598
7660684308890
7660717641181
7660750973525
7660784305817
7660817638108
7660850970400
7660884302744
7660917635035
7660950967327
7660984299671
7661017631963
7661050964254
7661084296598
7661117628890
7661150961181
7661184293525
7661217625817
7661250958108
7661284290400
7661317622744
7661350955035
7661384287327
7661417619671
7661450951963
7661484284254
7661517616598
7661550948890
7661584281181
7661617613525
7661650945817
7661684278108
7661717610400
7661750942744
7661784275035
7661817607327
7661850939671
7661884271963
7661917604254
7661950936598
7661984268890
7662017601181
7662050933525
7662084265817
7662117598108
7662150930400
7662184262744
7662217595035
7662250927327
7662284259671
7662317591963
7662350924254
7662384256598
7662417588890
7662450921181
7662484253525
7662517585817
7662550918108
7662584250400
7662617582744
7662650915035
7662684247327
7662717579671
7662750911963
7662784244254
7662817576598
7662850908890
7662884241181
7662917573525
7662950905817
7662984238108
7663017570400
7663050902744
7663084235035
7663117567327
7663150899671
7663184231963
7663217564254
7663250896598
7663284228890
7663317561181
7663350893525
7663384225817
7663417558108
7663450890400
7663484222744
7663517555035
7663550887327
7663584219671
7663617551963
7663650884254
7663684216598
7663717548890
7663750881181
7663784213525
7663817545817
7663850878108
7663884210400
7663917542744
7663950875035
7663984207327
7664017539671
7664050871963
7664084204254
7664117536598
7664150868890
7664184201181
7664217533525
7664250865817
7664284198108
7664317530400
7664350862744
7664384195035
7664417527327
7664450859671
7664484191963
7664517524254
7664550856598
7664584188890
7664617521181
7664650853525
7664684185817
7664717518108
7664750850400
7664784182744
7664817515035
7664850847327
7664884179671
7664917511963
7664950844254
7664984176598
7665017508890
7665050841181
7665084173525
7665117505817
7665150838108
7665184170400
7665217502744
7665250835035
7665284167327
7665317499671
7665350831963
7665384164254
7665417496598
7665450828890
7665484161181
7665517493525
7665550825817
7665584158108
7665617490400
7665650822744
7665684155035
7665717487327
7665750819671
7665784151963
7665817484254
7665850816598
7665884148890
7665917481181
7665950813525
7665984145817
7666017478108
7666050810400
7666084142744
7666117475035
7666150807327
7666184139671
7666217471963
7666250804254
7666284136598
7666317468890
7666350801181
7666384133525
7666417465817
7666450798108
7666484130400
7666517462744
7666550795035
7666584127327
7666617459671
7666650791963
7666684124254
7666717456598
7666750788890
7666784121181
7666817453525
7666850785817
7666884118108
7666917450400
7666950782744
7666984115035
7667017447327
7667050779671
7667084111963
7667117444254
7667150776598
7667184108890
7667217441181
7667250773525
7667284105817
7667317438108
7667350770400
7667384102744
7667417435035
7667450767379
7667484099671
7667517431963
7667550764254
7667584096598
7667617428890
7667650761181
7667684093525
7667717425817
7667750758108
7667784090400
7667817422744
7667850755035
7667884087327
7667917419671
7667950751963
7667984084254
7668017416598
7668050748890
7668084081181
7668117413525
7668150745817
7668184078108
7668217410400
7668250742744
7668284075035
7668317407327
7668350739671
7668384071963
7668417404254
7668450736598
7668484068890
7668517401181
7668550733525
7668584065817
7668617398108
7668650730400
7668684062744
7668717395035
7668750727327
7668784059671
7668817391963
7668850724254
7668884056598
7668917388890
7668950721181
7668984053525
7669017385817
7669050718108
7669084050400
7669117382744
7669150715035
7669184047327
7669217379671
7669250711963
7669284044254
7669317376598
7669350708890
7669384041181
7669417373525
7669450705817
7669484038108
7669517370400
7669550702744
7669584035035
7669617367327
7669650699671
7669684031963
7669717364254
7669750696598
7669784028890
7669817361181
7669850693525
7669884025817
7669917358108
7669950690400
7669984022744
7670017355035
7670050687327
7670084019671
7670117351963
7670150684254
7670184016598
7670217348890
7670250681181
7670284013525
7670317345817
7670350678108
7670384010400
7670417342744
7670450675035
7670484007327
7670517339671
7670550671963
7670584004254
7670617336598
7670650668890
7670684001181
7670717333525
7670750665817
7670783998108
7670817330400
7670850662744
7670883995035
7670917327327
7670950659671
7670983991963
7671017324254
7671050656598
7671083988890
7671117321181
7671150653525
7671183985817
7671217318108
7671250650400
7671283982744
7671317315035
7671350647327
7671383979671
7671417311963
7671450644254
7671483976598
7671517308890
7671550641181
7671583973525
7671617305817
7671650638108
7671683970400
7671717302744
7671750635035
7671783967327
7671817299671
7671850631963
7671883964254
7671917296598
7671950628890
7671983961181
7672017293525
7672050625817
7672083958108
7672117290400
7672150622744
7672183955035
7672217287327
7672250619671
7672283951963
7672317284254
7672350616598
7672383948890
7672417281181
7672450613525
7672483945817
7672517278108
7672550610400
7672583942744
7672617275035
7672650607327
7672683939671
7672717271963
7672750604254
7672783936598
7672817268890
7672850601181
7672883933525
7672917265817
7672950598108
7672983930400
7673017262744
7673050595035
7673083927327
7673117259671
7673150591963
7673183924254
7673217256598
7673250588890
7673283921181
7673317253525
7673350585817
7673383918108
7673417250400
7673450582744
7673483915035
7673517247327
7673550579671
7673583911963
7673617244254
7673650576598
7673683908890
7673717241181
7673750573525
7673783905817
7673817238108
7673850570400
7673883902744
7673917235035
7673950567327
7673983899671
7674017231963
7674050564254
7674083896598
7674117228890
7674150561181
7674183893525
7674217225817
7674250558108
7674283890400
7674317222744
7674350555035
7674383887327
7674417219671
7674450551963
7674483884254
7674517216598
7674550548890
7674583881181
7674617213525
7674650545817
7674683878108
7674717210400
7674750542744
7674783875035
7674817207327
7674850539671
7674883871963
7674917204254
7674950536598
7674983868890
7675017201181
7675050533525
7675083865817
7675117198108
7675150530400
7675183862744
7675217195035
7675250527379
7675283859671
7675317191963
7675350524254
7675383856598
7675417188890
7675450521181
7675483853525
7675517185817
7675550518108
7675583850400
7675617182744
7675650515035
7675683847327
7675717179671
7675750511963
7675783844254
7675817176598
7675850508890
7675883841181
7675917173525
7675950505817
7675983838108
7676017170400
7676050502744
7676083835035
7676117167379
7676150499671
7676183831963
7676217164254
7676250496598
7676283828890
7676317161181
7676350493525
7676383825817
7676417158108
7676450490400
7676483822744
7676517155035
7676550487327
7676583819671
7676617151963
7676650484254
7676683816598
7676717148890
7676750481181
7676783813525
7676817145817
7676850478108
7676883810400
7676917142744
7676950475035
7676983807327
7677017139671
7677050471963
7677083804254
7677117136598
7677150468890
7677183801181
7677217133525
7677250465817
7677283798108
7677317130400
7677350462744
7677383795035
7677417127327
7677450459671
7677483791963
7677517124254
7677550456598
7677583788890
7677617121181
7677650453525
7677683785817
7677717118108
7677750450400
7677783782744
7677817115035
7677850447327
7677883779671
7677917111963
7677950444254
7677983776598
7678017108890
7678050441181
7678083773525
7678117105817
7678150438108
7678183770400
7678217102744
7678250435035
7678283767327
7678317099671
7678350431963
7678383764254
7678417096598
7678450428890
7678483761181
7678517093525
7678550425817
7678583758108
7678617090400
7678650422744
7678683755035
7678717087327
7678750419671
7678783751963
7678817084254
7678850416598
7678883748890
7678917081181
7678950413525
7678983745817
7679017078108
7679050410400
7679083742744
7679117075035
7679150407327
7679183739671
7679217071963
7679250404254
7679283736598
7679317068890
7679350401181
7679383733525
7679417065817
7679450398108
7679483730400
7679517062744
7679550395035
7679583727327
7679617059671
7679650391963
7679683724254
7679717056598
7679750388890
7679783721181
7679817053525
7679850385817
7679883718108
7679917050400
7679950382744
7679983715035
7680017047327
7680050379671
7680083711963
7680117044254
7680150376598
7680183708890
7680217041181
7680250373525
7680283705817
7680317038108
7680350370400
7680383702744
7680417035035
7680450367327
7680483699671
7680517031963
7680550364254
7680583696598
7680617028890
7680650361181
7680683693525
7680717025817
7680750358108
7680783690400
7680817022744
7680850355035
7680883687327
7680917019671
7680950351963
7680983684254
7681017016598
7681050348890
7681083681181
7681117013525
7681150345817
7681183678108
7681217010400
7681250342744
7681283675035
7681317007327
7681350339671
7681383671963
7681417004254
7681450336598
7681483668890
7681517001181
7681550333525
7681583665817
7681616998108
7681650330400
7681683662744
7681716995035
7681750327327
7681783659671
7681816991963
7681850324254
7681883656598
7681916988890
7681950321181
7681983653525
7682016985817
7682050318108
7682083650400
7682116982744
7682150315035
7682183647327
7682216979671
7682250311963
7682283644254
7682316976598
7682350308890
7682383641181
7682416973525
7682450305817
7682483638108
7682516970400
7682550302744
7682583635035
7682616967327
7682650299671
7682683631963
7682716964254
7682750296598
7682783628890
7682816961181
7682850293525
7682883625817
7682916958108
7682950290400
7682983622744
7683016955035
7683050287327
7683083619671
7683116951963
7683150284254
7683183616598
7683216948890
7683250281181
7683283613525
7683316945817
7683350278108
7683383610400
7683416942744
7683450275035
7683483607327
7683516939671
7683550271963
7683583604254
7683616936598
7683650268890
7683683601181
7683716933525
7683750265817
7683783598108
7683816930400
7683850262744
7683883595035
7683916927327
7683950259671
7683983591963
7684016924254
7684050256598
7684083588890
7684116921181
7684150253525
7684183585817
7684216918108
7684250250400
7684283582744
7684316915035
7684350247327
7684383579671
7684416911963
7684450244254
7684483576598
7684516908890
7684550241181
7684583573525
7684616905817
7684650238108
7684683570400
7684716902744
7684750235035
7684783567327
7684816899671
7684850231963
7684883564254
7684916896598
7684950228890
7684983561181
7685016893525
7685050225817
7685083558108
7685116890400
7685150222744
7685183555035
7685216887327
7685250219671
7685283551963
7685316884254
7685350216598
7685383548890
7685416881181
7685450213525
7685483545817
7685516878108
7685550210400
7685583542744
7685616875035
7685650207327
7685683539671
7685716871963
7685750204254
7685783536598
7685816868890
7685850201181
7685883533525
7685916865817
7685950198108
7685983530400
7686016862744
7686050195035
7686083527327
7686116859671
7686150191963
7686183524254
7686216856598
7686250188890
7686283521181
7686316853525
7686350185817
7686383518108
7686416850400
7686450182744
7686483515035
7686516847327
7686550179671
7686583511963
7686616844254
7686650176598
7686683508890
7686716841181
7686750173525
7686783505817
7686816838108
7686850170400
7686883502744
7686916835035
7686950167327
7686983499671
7687016831963
7687050164254
7687083496598
7687116828890
7687150161181
7687183493525
7687216825817
7687250158108
7687283490400
7687316822744
7687350155035
7687383487379
7687416819671
7687450151963
7687483484254
7687516816598
7687550148890
7687583481181
7687616813525
7687650145817
7687683478108
7687716810400
7687750142744
7687783475035
7687816807327
7687850139671
7687883471963
7687916804254
7687950136598
7687983468890
7688016801181
7688050133525
7688083465817
7688116798108
7688150130400
7688183462744
7688216795035
7688250127327
7688283459671
7688316791963
7688350124254
7688383456598
7688416788890
7688450121181
7688483453525
7688516785817
7688550118108
7688583450452
7688616782744
7688650115035
7688683447327
7688716779671
7688750111963
7688783444254
7688816776598
7688850108890
7688883441181
7688916773525
7688950105817
7688983438108
7689016770400
7689050102744
7689083435035
7689116767327
7689150099671
7689183431963
7689216764254
7689250096598
7689283428890
7689316761181
7689350093525
7689383425817
7689416758108
7689450090400
7689483422744
7689516755035
7689550087327
7689583419671
7689616751963
7689650084254
7689683416598
7689716748890
7689750081181
7689783413525
7689816745817
7689850078108
7689883410400
7689916742744
7689950075035
7689983407327
7690016739671
7690050071963
7690083404254
7690116736598
7690150068890
7690183401181
7690216733525
7690250065817
7690283398108
7690316730400
7690350062744
7690383395035
7690416727327
7690450059671
7690483391963
7690516724254
7690550056598
7690583388890
7690616721181
7690650053525
7690683385817
7690716718108
7690750050400
7690783382744
7690816715035
7690850047327
7690883379671
7690916711963
7690950044254
7690983376598
7691016708890
7691050041181
7691083373525
7691116705817
7691150038108
7691183370400
7691216702744
7691250035035
7691283367327
7691316699671
7691350031963
7691383364254
7691416696598
7691450028890
7691483361181
7691516693525
7691550025817
7691583358108
7691616690400
7691650022744
7691683355035
7691716687327
7691750019671
7691783351963
7691816684254
7691850016598
7691883348890
7691916681181
7691950013525
7691983345817
7692016678108
7692050010400
7692083342744
7692116675035
7692150007327
7692183339671
7692216671963
7692250004254
7692283336598
7692316668890
7692350001181
7692383333525
7692416665817
7692449998108
