6731731596783
6731764929075
6731798261418
6731831593710
6731864926002
6731898258293
6731931590637
6731964922929
6731998255220
6732031587564
6732064919856
6732098252148
6732131584491
6732164916783
6732198249075
6732231581366
6732264913710
6732298246002
6732331578293
6732364910637
6732398242929
6732431575220
6732464907564
6732498239856
6732531572148
6732564904439
6732598236783
6732631569075
6732664901418
6732698233710
6732731566002
6732764898293
6732798230637
6732831562929
6732864895220
6732898227564
6732931559856
6732964892148
6732998224439
6733031556783
6733064889075
6733098221366
6733131553710
6733164886002
6733198218293
6733231550637
6733264882929
6733298215220
6733331547564
6733364879856
6733398212148
6733431544439
6733464876783
6733498209075
6733531541418
6733564873710
6733598206002
6733631538293
6733664870637
6733698202929
6733731535220
6733764867564
6733798199856
6733831532148
6733864864491
6733898196783
6733931529075
6733964861366
6733998193710
6734031526002
6734064858293
6734098190637
6734131522929
6734164855220
6734198187564
6734231519856
6734264852148
6734298184439
6734331516783
6734364849075
6734398181366
6734431513710
6734464846002
6734498178293
6734531510637
6734564842929
6734598175220
6734631507564
6734664839856
6734698172148
6734731504491
6734764836783
6734798169075
6734831501366
6734864833710
6734898166002
6734931498293
6734964830637
6734998162929
6735031495220
6735064827564
6735098159856
6735131492148
6735164824439
6735198156783
6735231489075
6735264821418
6735298153710
6735331486002
6735364818293
6735398150637
6735431482929
6735464815220
6735498147564
6735531479856
6735564812148
6735598144491
6735631476783
6735664809075
6735698141366
6735731473710
6735764806002
6735798138293
6735831470637
6735864802929
6735898135220
6735931467564
6735964799856
6735998132148
6736031464439
6736064796783
6736098129075
6736131461418
6736164793710
6736198126002
6736231458293
6736264790637
6736298122929
6736331455220
6736364787564
6736398119856
6736431452148
6736464784491
6736498116783
6736531449075
6736564781366
6736598113710
6736631446002
6736664778293
6736698110637
6736731442929
6736764775220
6736798107564
6736831439856
6736864772148
6736898104439
6736931436783
6736964769075
6736998101418
6737031433710
6737064766002
6737098098293
6737131430637
6737164762929
6737198095220
6737231427564
6737264759856
6737298092148
6737331424491
6737364756783
6737398089075
6737431421366
6737464753710
6737498086002
6737531418293
6737564750637
6737598082929
6737631415220
6737664747564
6737698079856
6737731412148
6737764744439
6737798076783
6737831409075
6737864741366
6737898073710
6737931406002
6737964738293
6737998070637
6738031402929
6738064735220
6738098067564
6738131399856
6738164732148
6738198064491
6738231396783
6738264729075
6738298061366
6738331393710
6738364726002
6738398058293
6738431390637
6738464722929
6738498055220
6738531387564
6738564719856
6738598052148
6738631384439
6738664716783
6738698049075
6738731381418
6738764713710
6738798046002
6738831378293
6738864710637
6738898042929
6738931375220
6738964707564
6738998039856
6739031372148
6739064704491
6739098036783
6739131369075
6739164701366
6739198033710
6739231366002
6739264698293
6739298030637
6739331362929
6739364695220
6739398027564
6739431359856
6739464692148
6739498024439
6739531356783
6739564689075
6739598021366
6739631353710
6739664686002
6739698018293
6739731350637
6739764682929
6739798015220
6739831347564
6739864679856
6739898012148
6739931344491
6739964676783
6739998009075
6740031341366
6740064673710
6740098006002
6740131338293
6740164670637
6740198002929
6740231335220
6740264667564
6740297999856
6740331332148
6740364664439
6740397996783
6740431329075
6740464661366
6740497993710
6740531326002
6740564658293
6740597990637
6740631322929
6740664655220
6740697987564
6740731319856
6740764652148
6740797984491
6740831316783
6740864649075
6740897981366
6740931313710
6740964646002
6740997978293
6741031310637
6741064642929
6741097975220
6741131307564
6741164639856
6741197972148
6741231304439
6741264636783
6741297969075
6741331301366
6741364633710
6741397966002
6741431298293
6741464630637
6741497962929
6741531295220
6741564627564
6741597959856
6741631292148
6741664624491
6741697956783
6741731289075
6741764621366
6741797953710
6741831286002
6741864618293
6741897950637
6741931282929
6741964615220
6741997947564
6742031279856
6742064612148
6742097944439
6742131276783
6742164609075
6742197941366
6742231273710
6742264606002
6742297938293
6742331270637
6742364602929
6742397935220
6742431267564
6742464599856
6742497932148
6742531264491
6742564596783
6742597929075
6742631261366
6742664593710
6742697926002
6742731258293
6742764590637
6742797922929
6742831255220
6742864587564
6742897919856
6742931252148
6742964584439
6742997916783
6743031249075
6743064581366
6743097913710
6743131246002
6743164578293
6743197910637
6743231242929
6743264575220
6743297907564
6743331239856
6743364572148
6743397904491
6743431236783
6743464569075
6743497901366
6743531233710
6743564566002
6743597898293
6743631230637
6743664562929
6743697895220
6743731227564
6743764559856
6743797892148
6743831224439
6743864556783
6743897889075
6743931221366
6743964553710
6743997886002
6744031218293
6744064550637
6744097882929
6744131215220
6744164547564
6744197879856
6744231212148
6744264544491
6744297876783
6744331209075
6744364541366
6744397873710
6744431206002
6744464538293
6744497870637
6744531202929
6744564535220
6744597867564
6744631199856
6744664532148
6744697864439
6744731196783
6744764529075
6744797861418
6744831193710
6744864526002
6744897858293
6744931190637
6744964522929
6744997855220
6745031187564
6745064519856
6745097852148
6745131184491
6745164516783
6745197849075
6745231181366
6745264513710
6745297846002
6745331178293
6745364510637
6745397842929
6745431175220
6745464507564
6745497839856
6745531172148
6745564504439
6745597836783
6745631169075
6745664501366
6745697833710
6745731166002
6745764498293
6745797830637
6745831162929
6745864495220
6745897827564
6745931159856
6745964492148
6745997824439
6746031156783
6746064489075
6746097821366
6746131153710
6746164486002
6746197818293
6746231150637
6746264482929
6746297815220
6746331147564
6746364479856
6746397812148
6746431144439
6746464476783
6746497809075
6746531141366
6746564473710
6746597806002
6746631138293
6746664470637
6746697802929
6746731135220
6746764467564
6746797799856
6746831132148
6746864464439
6746897796783
6746931129075
6746964461366
6746997793710
6747031126002
6747064458293
6747097790637
6747131122929
6747164455220
6747197787564
6747231119856
6747264452148
6747297784439
6747331116783
6747364449075
6747397781366
6747431113710
6747464446002
6747497778293
6747531110637
6747564442929
6747597775220
6747631107564
6747664439856
6747697772148
6747731104491
6747764436783
6747797769075
6747831101366
6747864433710
6747897766002
6747931098293
6747964430637
6747997762929
6748031095220
6748064427564
6748097759856
6748131092148
6748164424439
6748197756783
6748231089075
6748264421366
6748297753710
6748331086002
6748364418293
6748397750637
6748431082929
6748464415220
6748497747564
6748531079856
6748564412148
6748597744491
6748631076783
6748664409075
6748697741366
6748731073710
6748764406002
6748797738293
6748831070637
6748864402929
6748897735220
6748931067564
6748964399856
6748997732148
6749031064439
6749064396783
6749097729075
6749131061418
6749164393710
6749197726002
6749231058293
6749264390637
6749297722929
6749331055220
6749364387564
6749397719856
6749431052148
6749464384491
6749497716783
6749531049075
6749564381366
6749597713710
6749631046002
6749664378293
6749697710637
6749731042929
6749764375220
6749797707564
6749831039856
6749864372148
6749897704439
6749931036783
6749964369075
6749997701366
6750031033710
6750064366002
6750097698293
6750131030637
6750164362929
6750197695220
6750231027564
6750264359856
6750297692148
6750331024491
6750364356783
6750397689075
6750431021366
6750464353710
6750497686002
6750531018293
6750564350637
6750597682929
6750631015220
6750664347564
6750697679856
6750731012148
6750764344439
6750797676783
6750831009075
6750864341418
6750897673710
6750931006002
6750964338293
6750997670637
6751031002929
6751064335220
6751097667564
6751130999856
6751164332148
6751197664491
6751230996783
6751264329075
6751297661366
6751330993710
6751364326002
6751397658293
6751430990637
6751464322929
6751497655220
6751530987564
6751564319856
6751597652148
6751630984439
6751664316783
6751697649075
6751730981366
6751764313710
6751797646002
6751830978293
6751864310637
6751897642929
6751930975220
6751964307564
6751997639856
6752030972148
6752064304439
6752097636783
6752130969075
6752164301366
6752197633710
6752230966002
6752264298293
6752297630637
6752330962929
6752364295220
6752397627564
6752430959856
6752464292148
6752497624439
6752530956783
6752564289075
6752597621366
6752630953710
6752664286002
6752697618293
6752730950637
6752764282929
6752797615220
6752830947564
6752864279856
6752897612148
6752930944491
6752964276783
6752997609075
6753030941366
6753064273710
6753097606002
6753130938293
6753164270637
6753197602929
6753230935220
6753264267564
6753297599856
6753330932148
6753364264439
6753397596783
6753430929075
6753464261366
6753497593710
6753530926002
6753564258293
6753597590637
6753630922929
6753664255220
6753697587564
6753730919856
6753764252148
6753797584439
6753830916783
6753864249075
6753897581366
6753930913710
6753964246002
6753997578293
6754030910637
6754064242929
6754097575220
6754130907564
6754164239856
6754197572148
6754230904439
6754264236783
6754297569075
6754330901366
6754364233710
6754397566002
6754430898293
6754464230637
6754497562929
6754530895220
6754564227564
6754597559856
6754630892148
6754664224491
6754697556783
6754730889075
6754764221366
6754797553710
6754830886002
6754864218293
6754897550637
6754930882929
6754964215220
6754997547564
6755030879856
6755064212148
6755097544439
6755130876783
6755164209075
6755197541366
6755230873710
6755264206002
6755297538293
6755330870637
6755364202929
6755397535220
6755430867564
6755464199856
6755497532148
6755530864491
6755564196783
6755597529075
6755630861366
6755664193710
6755697526002
6755730858293
6755764190637
6755797522929
6755830855220
6755864187564
6755897519856
6755930852148
6755964184439
6755997516783
6756030849075
6756064181418
6756097513710
6756130846002
6756164178293
6756197510637
6756230842929
6756264175220
6756297507564
6756330839856
6756364172148
6756397504491
6756430836783
6756464169075
6756497501366
6756530833710
6756564166002
6756597498293
6756630830637
6756664162929
6756697495220
6756730827564
6756764159856
6756797492148
6756830824439
6756864156783
6756897489075
6756930821366
6756964153710
6756997486002
6757030818293
6757064150637
6757097482929
6757130815220
6757164147564
6757197479856
6757230812148
6757264144491
6757297476783
6757330809075
6757364141366
6757397473710
6757430806002
6757464138293
6757497470637
6757530802929
6757564135220
6757597467564
6757630799856
6757664132148
6757697464439
6757730796783
6757764129075
6757797461366
6757830793710
6757864126002
6757897458293
6757930790637
6757964122929
6757997455220
6758030787564
6758064119856
6758097452148
6758130784491
6758164116783
6758197449075
6758230781366
6758264113710
6758297446002
6758330778293
6758364110637
6758397442929
6758430775220
6758464107564
6758497439856
6758530772148
6758564104439
6758597436783
6758630769075
6758664101366
6758697433710
6758730766002
6758764098293
6758797430637
6758830762929
6758864095220
6758897427564
6758930759856
6758964092148
6758997424491
6759030756783
6759064089075
6759097421366
6759130753710
6759164086002
6759197418293
6759230750637
6759264082929
6759297415220
6759330747564
6759364079856
6759397412148
6759430744439
6759464076783
6759497409075
6759530741366
6759564073710
6759597406002
6759630738293
6759664070637
6759697402929
6759730735220
6759764067564
6759797399856
6759830732148
6759864064491
6759897396783
6759930729075
6759964061366
6759997393710
6760030726002
6760064058293
6760097390637
6760130722929
6760164055220
6760197387564
6760230719856
6760264052148
6760297384439
6760330716783
6760364049075
6760397381366
6760430713710
6760464046002
6760497378293
6760530710637
6760564042929
6760597375220
6760630707564
6760664039856
6760697372148
6760730704491
6760764036783
6760797369075
6760830701366
6760864033710
6760897366002
6760930698293
6760964030637
6760997362929
6761030695220
6761064027564
6761097359856
6761130692148
6761164024439
6761197356783
6761230689075
6761264021366
6761297353710
6761330686002
6761364018293
6761397350637
6761430682929
6761464015220
6761497347564
6761530679856
6761564012148
6761597344439
6761630676783
6761664009075
6761697341366
6761730673710
6761764006002
6761797338293
6761830670637
6761864002929
6761897335220
6761930667564
6761963999856
6761997332148
6762030664439
6762063996783
6762097329075
6762130661366
6762163993710
6762197326002
6762230658293
6762263990637
6762297322929
6762330655220
6762363987564
6762397319856
6762430652148
6762463984491
6762497316783
6762530649075
6762563981366
6762597313710
6762630646002
6762663978293
6762697310637
6762730642929
6762763975220
6762797307564
6762830639856
6762863972148
6762897304439
6762930636783
6762963969075
6762997301366
6763030633710
6763063966002
6763097298293
6763130630637
6763163962929
6763197295220
6763230627564
6763263959856
6763297292148
6763330624491
6763363956783
6763397289075
6763430621366
6763463953710
6763497286002
6763530618293
6763563950637
6763597282929
6763630615220
6763663947564
6763697279856
6763730612148
6763763944439
6763797276783
6763830609075
6763863941366
6763897273710
6763930606002
6763963938293
6763997270637
6764030602929
6764063935220
6764097267564
6764130599856
6764163932148
6764197264491
6764230596783
6764263929075
6764297261366
6764330593710
6764363926002
6764397258293
6764430590637
6764463922929
6764497255220
6764530587564
6764563919856
6764597252148
6764630584439
6764663916783
6764697249075
6764730581366
6764763913710
6764797246002
6764830578293
6764863910637
6764897242929
6764930575220
6764963907564
6764997239856
6765030572148
6765063904491
6765097236783
6765130569075
6765163901366
6765197233710
6765230566002
6765263898293
6765297230637
6765330562929
6765363895220
6765397227564
6765430559856
6765463892148
6765497224439
6765530556783
6765563889075
6765597221366
6765630553710
6765663886002
6765697218293
6765730550637
6765763882929
6765797215220
6765830547564
6765863879856
6765897212148
6765930544491
6765963876783
6765997209075
6766030541366
6766063873710
6766097206002
6766130538293
6766163870637
6766197202929
6766230535220
6766263867564
6766297199856
6766330532148
6766363864439
6766397196783
6766430529075
6766463861366
6766497193710
6766530526002
6766563858293
6766597190637
6766630522929
6766663855220
6766697187564
6766730519856
6766763852148
6766797184491
6766830516783
6766863849075
6766897181366
6766930513710
6766963846002
6766997178293
6767030510637
6767063842929
6767097175220
6767130507564
6767163839856
6767197172148
6767230504439
6767263836783
6767297169075
6767330501418
6767363833710
6767397166002
6767430498293
6767463830637
6767497162929
6767530495220
6767563827564
6767597159856
6767630492148
6767663824491
6767697156783
6767730489075
6767763821366
6767797153710
6767830486002
6767863818293
6767897150637
6767930482929
6767963815220
6767997147564
6768030479856
6768063812148
6768097144439
6768130476783
6768163809075
6768197141366
6768230473710
6768263806002
6768297138293
6768330470637
6768363802929
6768397135220
6768430467564
6768463799856
6768497132148
6768530464491
6768563796783
6768597129075
6768630461366
6768663793710
6768697126002
6768730458293
6768763790637
6768797122929
6768830455220
6768863787564
6768897119856
6768930452148
6768963784439
6768997116783
6769030449075
6769063781366
6769097113710
6769130446002
6769163778293
6769197110637
6769230442929
6769263775220
6769297107564
6769330439856
6769363772148
6769397104491
6769430436783
6769463769075
6769497101366
6769530433710
6769563766002
6769597098293
6769630430637
6769663762929
6769697095220
6769730427564
6769763759856
6769797092148
6769830424439
6769863756783
6769897089075
6769930421366
6769963753710
6769997086002
6770030418293
6770063750637
6770097082929
6770130415220
6770163747564
6770197079856
6770230412148
6770263744439
6770297076783
6770330409075
6770363741366
6770397073710
6770430406002
6770463738293
6770497070637
6770530402929
6770563735220
6770597067564
6770630399856
6770663732148
6770697064439
6770730396783
6770763729075
6770797061366
6770830393710
6770863726002
6770897058293
6770930390637
6770963722929
6770997055220
6771030387564
6771063719856
6771097052148
6771130384491
6771163716783
6771197049075
6771230381366
6771263713710
6771297046002
6771330378293
6771363710637
6771397042929
6771430375220
6771463707564
6771497039856
6771530372148
6771563704439
6771597036783
6771630369075
6771663701366
6771697033710
6771730366002
6771763698293
6771797030637
6771830362929
6771863695220
6771897027564
6771930359856
6771963692148
6771997024439
6772030356783
6772063689075
6772097021366
6772130353710
6772163686002
6772197018293
6772230350637
6772263682929
6772297015220
6772330347564
6772363679856
6772397012148
6772430344439
6772463676783
6772497009075
6772530341366
6772563673710
6772597006002
6772630338293
6772663670637
6772697002929
6772730335220
6772763667564
6772796999856
6772830332148
6772863664491
6772896996783
6772930329075
6772963661366
6772996993710
6773030326002
6773063658293
6773096990637
6773130322929
6773163655220
6773196987564
6773230319856
6773263652148
6773296984439
6773330316783
6773363649075
6773396981366
6773430313710
6773463646002
6773496978293
6773530310637
6773563642929
6773596975220
6773630307564
6773663639856
6773696972148
6773730304439
6773763636783
6773796969075
6773830301366
6773863633710
6773896966002
6773930298293
6773963630637
6773996962929
6774030295220
6774063627564
6774096959856
6774130292148
6774163624439
6774196956783
6774230289075
6774263621366
6774296953710
6774330286002
6774363618293
6774396950637
6774430282929
6774463615220
6774496947564
6774530279856
6774563612148
6774596944491
6774630276783
6774663609075
6774696941366
6774730273710
6774763606002
6774796938293
6774830270637
6774863602929
6774896935220
6774930267564
6774963599856
6774996932148
6775030264439
6775063596783
6775096929075
6775130261366
6775163593710
6775196926002
6775230258293
6775263590637
6775296922929
6775330255220
6775363587564
6775396919856
6775430252148
6775463584439
6775496916783
6775530249075
6775563581366
6775596913710
6775630246002
6775663578293
6775696910637
6775730242929
6775763575220
6775796907564
6775830239856
6775863572148
6775896904439
6775930236783
6775963569075
6775996901366
6776030233710
6776063566002
6776096898293
6776130230637
6776163562929
6776196895220
6776230227564
6776263559856
6776296892148
6776330224439
6776363556783
6776396889075
6776430221366
6776463553710
6776496886002
6776530218293
6776563550637
6776596882929
6776630215220
6776663547564
6776696879856
6776730212148
6776763544439
6776796876783
6776830209075
6776863541366
6776896873710
6776930206002
6776963538293
6776996870637
6777030202929
6777063535220
6777096867564
6777130199856
6777163532148
6777196864439
6777230196783
6777263529075
6777296861366
6777330193710
6777363526002
6777396858293
6777430190637
6777463522929
6777496855220
6777530187564
6777563519856
6777596852148
6777630184439
6777663516783
6777696849075
6777730181366
6777763513710
6777796846002
6777830178293
6777863510637
6777896842929
6777930175220
6777963507564
6777996839856
6778030172148
6778063504439
6778096836783
6778130169075
6778163501366
6778196833710
6778230166002
6778263498293
6778296830637
6778330162929
6778363495220
6778396827564
6778430159856
6778463492148
6778496824439
6778530156783
6778563489075
6778596821366
6778630153710
6778663486002
6778696818293
6778730150637
6778763482929
6778796815220
6778830147564
6778863479856
6778896812148
6778930144439
6778963476783
6778996809075
6779030141366
6779063473710
6779096806002
6779130138293
6779163470637
6779196802929
6779230135220
6779263467564
6779296799856
6779330132148
6779363464439
6779396796783
6779430129075
6779463461366
6779496793710
6779530126002
6779563458293
6779596790637
6779630122929
6779663455220
6779696787564
6779730119856
6779763452148
6779796784439
6779830116783
6779863449075
6779896781366
6779930113710
6779963446002
6779996778293
6780030110637
6780063442929
6780096775220
6780130107564
6780163439856
6780196772148
6780230104439
6780263436783
6780296769075
6780330101366
6780363433710
6780396766002
6780430098293
6780463430637
6780496762929
6780530095220
6780563427564
6780596759856
6780630092148
6780663424439
6780696756783
6780730089075
6780763421366
6780796753710
6780830086002
6780863418293
6780896750637
6780930082929
6780963415220
6780996747564
6781030079856
6781063412148
6781096744439
6781130076783
6781163409075
6781196741366
6781230073710
6781263406002
6781296738293
6781330070637
6781363402929
6781396735220
6781430067564
6781463399856
6781496732148
6781530064491
6781563396783
6781596729075
6781630061366
6781663393710
6781696726002
6781730058293
6781763390637
6781796722929
6781830055220
6781863387564
6781896719856
6781930052148
6781963384439
6781996716783
6782030049075
6782063381366
6782096713710
6782130046002
6782163378293
6782196710637
6782230042929
6782263375220
6782296707564
6782330039856
6782363372148
6782396704439
6782430036783
6782463369075
6782496701366
6782530033710
6782563366002
6782596698293
6782630030637
6782663362929
6782696695220
6782730027564
6782763359856
6782796692148
6782830024439
6782863356783
6782896689075
6782930021366
6782963353710
6782996686002
6783030018293
6783063350637
6783096682929
6783130015220
6783163347564
6783196679856
6783230012148
6783263344439
6783296676783
6783330009075
6783363341366
6783396673710
6783430006002
6783463338293
6783496670637
6783530002929
6783563335220
6783596667564
6783629999856
6783663332148
6783696664439
6783729996783
6783763329075
6783796661366
6783829993710
6783863326002
6783896658293
6783929990637
6783963322929
6783996655220
6784029987564
6784063319856
6784096652148
6784129984439
6784163316783
6784196649075
6784229981366
6784263313710
6784296646002
6784329978293
6784363310637
6784396642929
6784429975220
6784463307564
6784496639856
6784529972148
6784563304439
6784596636783
6784629969075
6784663301366
6784696633710
6784729966002
6784763298293
6784796630637
6784829962929
6784863295220
6784896627564
6784929959856
6784963292148
6784996624439
6785029956783
6785063289075
6785096621366
6785129953710
6785163286002
6785196618293
6785229950637
6785263282929
6785296615220
6785329947564
6785363279856
6785396612148
6785429944439
6785463276783
6785496609075
6785529941366
6785563273710
6785596606002
6785629938293
6785663270637
6785696602929
6785729935220
6785763267564
6785796599856
6785829932148
6785863264439
6785896596783
6785929929075
6785963261366
6785996593710
6786029926002
6786063258293
6786096590637
6786129922929
6786163255220
6786196587564
6786229919856
6786263252148
6786296584439
6786329916783
6786363249075
6786396581366
6786429913710
6786463246002
6786496578293
6786529910637
6786563242929
6786596575220
6786629907564
6786663239856
6786696572148
6786729904439
6786763236783
6786796569075
6786829901366
6786863233710
6786896566002
6786929898293
6786963230637
6786996562929
6787029895220
6787063227564
6787096559856
6787129892148
6787163224439
6787196556783
6787229889075
6787263221366
6787296553710
6787329886002
6787363218293
6787396550637
6787429882929
6787463215220
6787496547564
6787529879856
6787563212148
6787596544491
6787629876783
6787663209075
6787696541366
6787729873710
6787763206002
6787796538293
6787829870637
6787863202929
6787896535220
6787929867564
6787963199856
6787996532148
6788029864439
6788063196783
6788096529075
6788129861418
6788163193710
6788196526002
6788229858293
6788263190637
6788296522929
6788329855220
6788363187564
6788396519856
6788429852148
6788463184439
6788496516783
6788529849075
6788563181366
6788596513710
6788629846002
6788663178293
6788696510637
6788729842929
6788763175220
6788796507564
6788829839856
6788863172148
6788896504439
6788929836783
6788963169075
6788996501366
6789029833710
6789063166002
6789096498293
6789129830637
6789163162929
6789196495220
6789229827564
6789263159856
6789296492148
6789329824439
6789363156783
6789396489075
6789429821366
6789463153710
6789496486002
6789529818293
6789563150637
6789596482929
6789629815220
6789663147564
6789696479856
6789729812148
6789763144439
6789796476783
6789829809075
6789863141366
6789896473710
6789929806002
6789963138293
6789996470637
6790029802929
6790063135220
6790096467564
6790129799856
6790163132148
6790196464439
6790229796783
6790263129075
6790296461366
6790329793710
6790363126002
6790396458293
6790429790637
6790463122929
6790496455220
6790529787564
6790563119856
6790596452148
6790629784439
6790663116783
6790696449075
6790729781366
6790763113710
6790796446002
6790829778293
6790863110637
6790896442929
6790929775220
6790963107564
6790996439856
6791029772148
6791063104491
6791096436783
6791129769075
6791163101366
6791196433710
6791229766002
6791263098293
6791296430637
6791329762929
6791363095220
6791396427564
6791429759856
6791463092148
6791496424439
6791529756783
6791563089075
6791596421366
6791629753710
6791663086002
6791696418293
6791729750637
6791763082929
6791796415220
6791829747564
6791863079856
6791896412148
6791929744439
6791963076783
6791996409075
6792029741366
6792063073710
6792096406002
6792129738293
6792163070637
6792196402929
6792229735220
6792263067564
6792296399856
6792329732148
6792363064439
6792396396783
6792429729075
6792463061366
6792496393710
6792529726002
6792563058293
6792596390637
6792629722929
6792663055220
6792696387564
6792729719856
6792763052148
6792796384439
6792829716783
6792863049075
6792896381366
6792929713710
6792963046002
6792996378293
6793029710637
6793063042929
6793096375220
6793129707564
6793163039856
6793196372148
6793229704439
6793263036783
6793296369075
6793329701366
6793363033710
6793396366002
6793429698293
6793463030637
6793496362929
6793529695220
6793563027564
6793596359856
6793629692148
6793663024439
6793696356783
6793729689075
6793763021366
6793796353710
6793829686002
6793863018293
6793896350637
6793929682929
6793963015220
6793996347564
6794029679856
6794063012148
6794096344439
6794129676783
6794163009075
6794196341366
6794229673710
6794263006002
6794296338293
6794329670637
6794363002929
6794396335220
6794429667564
6794462999856
6794496332148
6794529664491
6794562996783
6794596329075
6794629661366
6794662993710
6794696326002
6794729658293
6794762990637
6794796322929
6794829655220
6794862987564
6794896319856
6794929652148
6794962984439
6794996316783
6795029649075
6795062981366
6795096313710
6795129646002
6795162978293
6795196310637
6795229642929
6795262975220
6795296307564
6795329639856
6795362972148
6795396304439
6795429636783
6795462969075
6795496301366
6795529633710
6795562966002
6795596298293
6795629630637
6795662962929
6795696295220
6795729627564
6795762959856
6795796292148
6795829624439
6795862956783
6795896289075
6795929621366
6795962953710
6795996286002
6796029618293
6796062950637
6796096282929
6796129615220
6796162947564
6796196279856
6796229612148
6796262944439
6796296276783
6796329609075
6796362941366
6796396273710
6796429606002
6796447938293
6796496270637
6796529602929
6796562935220
6796596267564
6796629599856
6796662932148
6796696264439
6796729596783
6796762929075
6796796261366
6796829593710
6796862926002
6796896258293
6796929590637
6796962922929
6796996255220
6797029587564
6797062919856
6797096252148
6797129584491
6797162916783
6797196249075
6797229581366
6797262913710
6797296246002
6797329578293
6797362910637
6797396242929
6797429575220
6797462907564
6797496239856
6797529572148
6797562904439
6797596236783
6797629569075
6797662901366
6797696233710
6797729566002
6797762898293
6797796230637
6797829562929
6797862895220
6797896227564
6797929559856
6797962892148
6797996224439
6798029556783
6798062889075
6798096221366
6798129553710
6798162886002
6798196218293
6798229550637
6798262882929
6798296215220
6798329547564
6798362879856
6798396212148
6798429544439
6798462876783
6798496209075
6798529541418
6798562873710
6798596206002
6798629538293
6798662870637
6798696202929
6798729535220
6798762867564
6798796199856
6798829532148
6798862864439
6798896196783
6798929529075
6798962861366
6798996193710
6799029526002
6799062858293
6799096190637
6799129522929
6799162855220
6799196187564
6799229519856
6799262852148
6799296184439
6799329516783
6799362849075
6799396181366
6799429513710
6799462846002
6799496178293
6799529510637
6799562842929
6799596175220
6799629507564
6799662839856
6799696172148
6799729504491
6799762836783
6799796169075
6799829501366
6799862833710
6799896166002
6799929498293
6799962830637
6799996162929
6800029495220
6800062827564
6800096159856
6800129492148
6800162824439
6800196156783
6800229489075
6800262821366
6800296153710
6800329486002
6800362818293
6800396150637
6800429482929
6800462815220
6800496147564
6800529479856
6800562812148
6800596144439
6800629476783
6800662809075
6800696141366
6800729473710
6800762806002
6800796138293
6800829470637
6800862802929
6800896135220
6800929467564
6800962799856
6800996132148
6801029464439
6801062796783
6801096129075
6801129461418
6801162793710
6801196126002
6801229458293
6801262790637
6801296122929
6801329455220
6801362787564
6801396119856
6801429452148
6801462784439
6801496116783
6801529449075
6801562781366
6801596113710
6801629446002
6801662778293
6801696110637
6801729442929
6801762775220
6801796107564
6801829439856
6801862772148
6801896104439
6801929436783
6801962769075
6801996101418
6802029433710
6802062766002
6802096098293
6802129430637
6802162762929
6802196095220
6802229427564
6802262759856
6802296092148
6802329424491
6802362756783
6802396089075
6802429421366
6802462753710
6802496086002
6802529418293
6802562750637
6802596082929
6802629415220
6802662747564
6802696079856
6802729412148
6802762744439
6802796076783
6802829409075
6802862741366
6802896073710
6802929406002
6802962738293
6802996070637
6803029402929
6803062735220
6803096067564
6803129399856
6803162732148
6803196064491
6803229396783
6803262729075
6803296061366
6803329393710
6803362726002
6803396058293
6803429390637
6803462722929
6803496055220
6803529387564
6803562719856
6803596052148
6803629384439
6803662716783
6803696049075
6803729381418
6803762713710
6803796046002
6803829378293
6803862710637
6803896042929
6803929375220
6803962707564
6803996039856
6804029372148
6804062704439
6804096036783
6804129369075
6804162701366
6804196033710
6804229366002
6804262698293
6804296030637
6804329362929
6804362695220
6804396027564
6804429359856
6804462692148
6804496024439
6804529356783
6804562689075
6804596021366
6804629353710
6804662686002
6804696018293
6804729350637
6804762682929
6804796015220
6804829347564
6804862679856
6804896012148
6804929344491
6804962676783
6804996009075
6805029341366
6805062673710
6805096006002
6805129338293
6805162670637
6805196002929
6805229335220
6805262667564
6805295999856
6805329332148
6805362664439
6805395996783
6805429329075
6805462661366
6805495993710
6805529326002
6805562658293
6805595990637
6805629322929
6805662655220
6805695987564
6805729319856
6805762652148
6805795984439
6805829316783
6805862649075
6805895981366
6805929313710
6805962646002
6805995978293
6806029310637
6806062642929
6806095975220
6806129307564
6806162639856
6806195972148
6806229304439
6806262636783
6806295969075
6806329301366
6806362633710
6806395966002
6806429298293
6806462630637
6806495962929
6806529295220
6806562627564
6806595959856
6806629292148
6806662624439
6806695956783
6806729289075
6806762621366
6806795953710
6806829286002
6806862618293
6806895950637
6806929282929
6806962615220
6806995947564
6807029279856
6807062612148
6807095944439
6807129276783
6807162609075
6807195941366
6807229273710
6807262606002
6807295938293
6807329270637
6807362602929
6807395935220
6807429267564
6807462599856
6807495932148
6807529264439
6807562596783
6807595929075
6807629261366
6807662593710
6807695926002
6807729258293
6807762590637
6807795922929
6807829255220
6807862587564
6807895919856
6807929252148
6807962584439
6807995916783
6808029249075
6808062581366
6808095913710
6808129246002
6808162578293
6808195910637
6808229242929
6808262575220
6808295907564
6808329239856
6808362572148
6808395904491
6808429236783
6808462569075
6808495901366
6808529233710
6808562566002
6808595898293
6808629230637
6808662562929
6808695895220
6808729227564
6808762559856
6808795892148
6808829224439
6808862556783
6808895889075
6808929221366
6808962553710
6808995886002
6809029218293
6809062550637
6809095882929
6809129215220
6809162547564
6809195879856
6809229212148
6809262544491
6809295876783
6809329209075
6809362541366
6809395873710
6809429206002
6809462538293
6809495870637
6809529202929
6809562535220
6809595867564
6809629199856
6809662532148
6809695864439
6809729196783
6809762529075
6809795861366
6809829193710
6809862526002
6809895858293
6809929190637
6809962522929
6809995855220
6810029187564
6810062519856
6810095852148
6810129184439
6810162516783
6810195849075
6810229181366
6810262513710
6810295846002
6810329178293
6810362510637
6810395842929
6810429175220
6810462507564
6810495839856
6810529172148
6810562504439
6810595836783
6810629169075
6810662501366
6810695833710
6810729166002
6810762498293
6810795830637
6810829162929
6810862495220
6810895827564
6810929159856
6810962492148
6810995824439
6811029156783
6811062489075
6811095821366
6811129153710
6811162486002
6811195818293
6811229150637
6811262482929
6811295815220
6811329147564
6811362479856
6811395812148
6811429144439
6811462476783
6811495809075
6811529141366
6811562473710
6811595806002
6811629138293
6811662470637
6811695802929
6811729135220
6811762467564
6811795799856
6811829132148
6811862464439
6811895796783
6811929129075
6811962461366
