6265345499097
6265378831388
6265412163680
6265445496024
6265478828316
6265512160607
6265545492951
6265578825243
6265612157534
6265645489878
6265678822170
6265712154461
6265745486805
6265778819097
6265812151388
6265845483680
6265878816024
6265912148316
6265945480607
6265978812951
6266012145243
6266045477534
6266078809878
6266112142170
6266145474461
6266178806805
6266212139097
6266245471388
6266278803680
6266312136024
6266345468316
6266378800607
6266412132951
6266445465243
6266478797534
6266512129826
6266545462170
6266578794461
6266612126805
6266645459097
6266678791388
6266712123680
6266745456024
6266778788316
6266812120607
6266845452951
6266878785243
6266912117534
6266945449878
6266978782170
6267012114461
6267045446805
6267078779097
6267112111388
6267145443680
6267178776024
6267212108316
6267245440607
6267278772951
6267312105243
6267345437534
6267378769878
6267412102170
6267445434461
6267478766805
6267512099097
6267545431388
6267578763680
6267612096024
6267645428316
6267678760607
6267712092951
6267745425243
6267778757534
6267812089878
6267845422170
6267878754461
6267912086805
6267945419097
6267978751388
6268012083680
6268045416024
6268078748316
6268112080607
6268145412951
6268178745243
6268212077534
6268245409878
6268278742170
6268312074461
6268345406805
6268378739097
6268412071388
6268445403680
6268478736024
6268512068316
6268545400607
6268578732951
6268612065243
6268645397534
6268678729878
6268712062170
6268745394461
6268778726805
6268812059097
6268845391388
6268878723680
6268912056024
6268945388316
6268978720607
6269012052951
6269045385243
6269078717534
6269112049878
6269145382170
6269178714461
6269212046805
6269245379097
6269278711388
6269312043680
6269345376024
6269378708316
6269412040607
6269445372951
6269478705243
6269512037534
6269545369878
6269578702170
6269612034461
6269645366805
6269678699097
6269712031388
6269745363680
6269778696024
6269812028316
6269845360607
6269878692951
6269912025243
6269945357534
6269978689878
6270012022170
6270045354461
6270078686805
6270112019097
6270145351388
6270178683680
6270212016024
6270245348316
6270278680607
6270312012951
6270345345243
6270378677534
6270412009878
6270445342170
6270478674461
6270512006805
6270545339097
6270578671388
6270612003680
6270645336024
6270678668316
6270712000607
6270745332951
6270778665243
6270811997534
6270845329826
6270878662170
6270911994461
6270945326805
6270978659097
6271011991388
6271045323680
6271078656024
6271111988316
6271145320607
6271178652951
6271211985243
6271245317534
6271278649878
6271311982170
6271345314461
6271378646805
6271411979097
6271445311388
6271478643680
6271511976024
6271545308316
6271578640607
6271611972951
6271645305243
6271678637534
6271711969878
6271745302170
6271778634461
6271811966805
6271845299097
6271878631388
6271911963680
6271945296024
6271978628316
6272011960607
6272045292951
6272078625243
6272111957534
6272145289878
6272178622170
6272211954461
6272245286805
6272278619097
6272311951388
6272345283680
6272378616024
6272411948316
6272445280607
6272478612951
6272511945243
6272545277534
6272578609826
6272611942170
6272645274461
6272678606805
6272711939097
6272745271388
6272778603680
6272811936024
6272845268316
6272878600607
6272911932951
6272945265243
6272978597534
6273011929878
6273045262170
6273078594461
6273111926805
6273145259097
6273178591388
6273211923680
6273245256024
6273278588316
6273311920607
6273345252951
6273378585243
6273411917534
6273445249826
6273478582170
6273511914461
6273545246805
6273578579097
6273611911388
6273645243680
6273678576024
6273711908316
6273745240607
6273778572951
6273811905243
6273845237534
6273878569878
6273911902170
6273945234461
6273978566805
6274011899097
6274045231388
6274078563680
6274111896024
6274145228316
6274178560607
6274211892951
6274245225243
6274278557534
6274311889826
6274345222170
6274378554461
6274411886805
6274445219097
6274478551388
6274511883680
6274545216024
6274578548316
6274611880607
6274645212951
6274678545243
6274711877534
6274745209878
6274778542170
6274811874461
6274845206805
6274878539097
6274911871388
6274945203680
6274978536024
6275011868316
6275045200607
6275078532951
6275111865243
6275145197534
6275178529826
6275211862170
6275245194461
6275278526805
6275311859097
6275345191388
6275378523680
6275411856024
6275445188316
6275478520607
6275511852951
6275545185243
6275578517534
6275611849878
6275645182170
6275678514461
6275711846805
6275745179097
6275778511388
6275811843680
6275845176024
6275878508316
6275911840607
6275945172951
6275978505243
6276011837534
6276045169878
6276078502170
6276111834461
6276145166805
6276178499097
6276211831388
6276245163680
6276278496024
6276311828316
6276345160607
6276378492951
6276411825243
6276445157534
6276478489878
6276511822170
6276545154461
6276578486805
6276611819097
6276645151388
6276678483680
6276711816024
6276745148316
6276778480607
6276811812951
6276845145243
6276878477534
6276911809826
6276945142170
6276978474461
6277011806805
6277045139097
6277078471388
6277111803680
6277145136024
6277178468316
6277211800607
6277245132951
6277278465243
6277311797534
6277345129878
6277378462170
6277411794461
6277445126805
6277478459097
6277511791388
6277545123680
6277578456024
6277611788316
6277645120607
6277678452951
6277711785243
6277745117534
6277778449826
6277811782170
6277845114461
6277878446805
6277911779097
6277945111388
6277978443680
6278011776024
6278045108316
6278078440607
6278111772951
6278145105243
6278178437534
6278211769878
6278245102170
6278278434461
6278311766805
6278345099097
6278378431388
6278411763680
6278445096024
6278478428316
6278511760607
6278545092951
6278578425243
6278611757534
6278645089826
6278678422170
6278711754461
6278745086805
6278778419097
6278811751388
6278845083680
6278878416024
6278911748316
6278945080607
6278978412951
6279011745243
6279045077534
6279078409878
6279111742170
6279145074461
6279178406805
6279211739097
6279245071388
6279278403680
6279311736024
6279345068316
6279378400607
6279411732951
6279445065243
6279478397534
6279511729826
6279545062170
6279578394461
6279611726805
6279645059097
6279678391388
6279711723680
6279745056024
6279778388316
6279811720607
6279845052951
6279878385243
6279911717534
6279945049878
6279978382170
6280011714461
6280045046805
6280078379097
6280111711388
6280145043680
6280178376024
6280211708316
6280245040607
6280278372951
6280311705243
6280345037534
6280378369826
6280411702170
6280445034461
6280478366805
6280511699097
6280545031388
6280578363680
6280611696024
6280645028316
6280678360607
6280711692951
6280745025243
6280778357534
6280811689878
6280845022170
6280878354461
6280911686805
6280945019097
6280978351388
6281011683680
6281045016024
6281078348316
6281111680607
6281145012951
6281178345243
6281211677534
6281245009826
6281278342170
6281311674461
6281345006805
6281378339097
6281411671388
6281445003680
6281478336024
6281511668316
6281545000607
6281578332951
6281611665243
6281644997534
6281678329878
6281711662170
6281744994461
6281778326805
6281811659097
6281844991388
6281878323680
6281911656024
6281944988316
6281978320607
6282011652951
6282044985243
6282078317534
6282111649826
6282144982170
6282178314461
6282211646805
6282244979097
6282278311388
6282311643680
6282344976024
6282378308316
6282411640607
6282444972951
6282478305243
6282511637534
6282544969878
6282578302170
6282611634461
6282644966805
6282678299097
6282711631388
6282744963680
6282778296024
6282811628316
6282844960607
6282878292951
6282911625243
6282944957534
6282978289826
6283011622170
6283044954461
6283078286805
6283111619097
6283144951388
6283178283680
6283211616024
6283244948316
6283278280607
6283311612951
6283344945243
6283378277534
6283411609878
6283444942170
6283478274461
6283511606805
6283544939097
6283578271388
6283611603680
6283644936024
6283678268316
6283711600607
6283744932951
6283778265243
6283811597534
6283844929826
6283878262170
6283911594461
6283944926805
6283978259097
6284011591388
6284044923680
6284078256024
6284111588316
6284144920607
6284178252951
6284211585243
6284244917534
6284278249878
6284311582170
6284344914461
6284378246805
6284411579097
6284444911388
6284478243680
6284511576024
6284544908316
6284578240607
6284611572951
6284644905243
6284678237534
6284711569826
6284744902170
6284778234461
6284811566805
6284844899097
6284878231388
6284911563680
6284944896024
6284978228316
6285011560607
6285044892951
6285078225243
6285111557534
6285144889878
6285178222170
6285211554461
6285244886805
6285278219097
6285311551388
6285344883680
6285378216024
6285411548316
6285444880607
6285478212951
6285511545243
6285544877534
6285578209826
6285611542170
6285644874461
6285678206805
6285711539097
6285744871388
6285778203680
6285811536024
6285844868316
6285878200607
6285911532951
6285944865243
6285978197534
6286011529878
6286044862170
6286078194461
6286111526805
6286144859097
6286178191388
6286211523680
6286244856024
6286278188316
6286311520607
6286344852951
6286378185243
6286411517534
6286444849826
6286478182170
6286511514461
6286544846805
6286578179097
6286611511388
6286644843680
6286678176024
6286711508316
6286744840607
6286778172951
6286811505243
6286844837534
6286878169878
6286911502170
6286944834461
6286978166805
6287011499097
6287044831388
6287078163680
6287111496024
6287144828316
6287178160607
6287211492951
6287244825243
6287278157534
6287311489826
6287344822170
6287378154461
6287411486805
6287444819097
6287478151388
6287511483680
6287544816024
6287578148316
6287611480607
6287644812951
6287678145243
6287711477534
6287744809878
6287778142170
6287811474461
6287844806805
6287878139097
6287911471388
6287944803680
6287978136024
6288011468316
6288044800607
6288078132951
6288111465243
6288144797534
6288178129878
6288211462170
6288244794461
6288273126805
6288306459097
6288339791388
6288373123680
6288406456024
6288439788316
6288473120607
6288506452951
6288539785243
6288573117534
6288606449878
6288639782170
6288673114461
6288706446805
6288739779097
6288773111388
6288806443680
6288839776024
6288873108316
6288906440607
6288939772951
6288973105243
6289006437534
6289039769826
6289073102170
6289106434461
6289139766805
6289173099097
6289206431388
6289239763680
6289273096024
6289306428316
6289339760607
6289373092951
6289406425243
6289439757534
6289473089878
6289506422170
6289539754461
6289573086805
6289606419097
6289639751388
6289673083680
6289706416024
6289739748316
6289773080607
6289806412951
6289839745243
6289873077534
6289906409826
6289939742170
6289973074461
6290006406805
6290039739097
6290073071388
6290106403680
6290139736024
6290173068316
6290206400607
6290239732951
6290273065243
6290306397534
6290339729878
6290373062170
6290406394461
6290439726805
6290473059097
6290506391388
6290539723680
6290573056024
6290606388316
6290639720607
6290673052951
6290706385243
6290739717534
6290773049878
6290806382170
6290839714461
6290873046805
6290906379097
6290939711388
6290973043680
6291006376024
6291039708316
6291073040607
6291106372951
6291139705243
6291173037534
6291206369878
6291239702170
6291273034461
6291306366805
6291339699097
6291373031388
6291406363680
6291439696024
6291473028316
6291506360607
6291539692951
6291573025243
6291606357534
6291639689826
6291673022170
6291706354461
6291739686805
6291773019097
6291806351388
6291839683680
6291873016024
6291906348316
6291939680607
6291973012951
6292006345243
6292039677534
6292073009878
6292106342170
6292139674461
6292173006805
6292206339097
6292239671388
6292273003680
6292306336024
6292339668316
6292373000607
6292406332951
6292439665243
6292472997534
6292506329878
6292539662170
6292572994461
6292606326805
6292639659097
6292672991388
6292706323680
6292739656024
6292772988316
6292806320607
6292839652951
6292872985243
6292906317534
6292939649878
6292972982170
6293006314461
6293039646805
6293072979097
6293106311388
6293139643680
6293172976024
6293206308316
6293239640607
6293272972951
6293306305243
6293339637534
6293372969826
6293406302170
6293439634461
6293472966805
6293506299097
6293539631388
6293572963680
6293606296024
6293639628316
6293672960607
6293706292951
6293739625243
6293772957534
6293806289878
6293839622170
6293877954461
6293911286805
6293944619097
6293977951388
6294011283680
6294044616024
6294077948316
6294111280607
6294144612951
6294177945243
6294211277534
6294244609826
6294277942170
6294311274461
6294344606805
6294377939097
6294411271388
6294444603680
6294477936024
6294511268316
6294544600607
6294577932951
6294611265243
6294644597534
6294677929878
6294711262170
6294744594461
6294777926805
6294811259097
6294844591388
6294877923680
6294911256024
6294944588316
6294977920607
6295011252951
6295044585243
6295077917534
6295111249826
6295144582170
6295177914461
6295211246805
6295244579097
6295277911388
6295311243680
6295344576024
6295377908316
6295411240607
6295444572951
6295477905243
6295511237534
6295544569878
6295577902170
6295611234461
6295644566805
6295677899097
6295711231388
6295744563680
6295777896024
6295811228316
6295844560607
6295877892951
6295911225243
6295944557534
6295977889826
6296011222170
6296044554461
6296077886805
6296111219097
6296144551388
6296177883680
6296211216024
6296244548316
6296277880607
6296311212951
6296344545243
6296377877534
6296411209878
6296444542170
6296477874461
6296511206805
6296544539097
6296577871388
6296611203680
6296644536024
6296677868316
6296711200607
6296744532951
6296777865243
6296811197534
6296844529826
6296877862170
6296911194461
6296944526805
6296977859097
6297011191388
6297044523680
6297077856024
6297111188316
6297144520607
6297177852951
6297211185243
6297244517534
6297277849878
6297311182170
6297344514461
6297377846805
6297411179097
6297444511388
6297477843680
6297511176024
6297544508316
6297577840607
6297611172951
6297644505243
6297677837534
6297711169878
6297744502170
6297777834461
6297811166805
6297844499097
6297877831388
6297911163680
6297944496024
6297977828316
6298011160607
6298044492951
6298077825243
6298111157534
6298144489878
6298177822170
6298211154461
6298244486805
6298277819097
6298311151388
6298344483680
6298377816024
6298411148316
6298444480607
6298477812951
6298511145243
6298544477534
6298577809878
6298611142170
6298644474461
6298677806805
6298711139097
6298744471388
6298777803680
6298811136024
6298844468316
6298877800607
6298911132951
6298944465243
6298977797534
6299011129878
6299044462170
6299077794461
6299111126805
6299144459097
6299177791388
6299211123680
6299244456024
6299277788316
6299311120607
6299344452951
6299377785243
6299411117534
6299444449826
6299477782170
6299511114461
6299544446805
6299577779097
6299611111388
6299644443680
6299677776024
6299711108316
6299744440607
6299777772951
6299811105243
6299844437534
6299877769878
6299911102170
6299944434461
6299977766805
6300011099097
6300044431388
6300077763680
6300111096024
6300144428316
6300177760607
6300211092951
6300244425243
6300277757534
6300311089826
6300344422170
6300377754461
6300411086805
6300444419097
6300477751388
6300511083680
6300544416024
6300577748316
6300611080607
6300644412951
6300677745243
6300711077534
6300744409878
6300777742170
6300811074461
6300844406805
6300877739097
6300911071388
6300944403680
6300977736024
6301011068316
6301044400607
6301077732951
6301111065243
6301144397534
6301177729826
6301211062170
6301244394461
6301277726805
6301311059097
6301344391388
6301377723680
6301411056024
6301444388316
6301477720607
6301511052951
6301544385243
6301577717534
6301611049878
6301644382170
6301677714461
6301711046805
6301744379097
6301777711388
6301811043680
6301844376024
6301877708316
6301911040607
6301944372951
6301977705243
6302011037534
6302044369826
6302077702170
6302111034461
6302144366805
6302177699097
6302211031388
6302244363680
6302277696024
6302311028316
6302344360607
6302377692951
6302411025243
6302444357534
6302477689878
6302511022170
6302544354461
6302577686805
6302611019097
6302644351388
6302677683680
6302711016024
6302744348316
6302777680607
6302811012951
6302844345243
6302877677534
6302911009878
6302944342170
6302977674461
6303011006805
6303044339097
6303077671388
6303111003680
6303144336024
6303177668316
6303211000607
6303244332951
6303277665243
6303310997534
6303344329878
6303377662170
6303410994461
6303444326805
6303477659097
6303510991388
6303544323680
6303577656024
6303610988316
6303644320607
6303677652951
6303710985243
6303744317534
6303777649826
6303810982170
6303844314461
6303877646805
6303910979097
6303944311388
6303977643680
6304010976024
6304044308316
6304077640607
6304110972951
6304144305243
6304177637534
6304210969878
6304244302170
6304277634461
6304310966805
6304344299097
6304377631388
6304410963680
6304444296024
6304477628316
6304510960607
6304544292951
6304577625243
6304610957534
6304644289826
6304677622170
6304710954461
6304744286805
6304777619097
6304810951388
6304844283680
6304877616024
6304910948316
6304944280607
6304977612951
6305010945243
6305044277534
6305077609878
6305110942170
6305144274461
6305177606805
6305210939097
6305244271388
6305277603680
6305310936024
6305344268316
6305377600607
6305410932951
6305444265243
6305477597534
6305510929878
6305544262170
6305577594461
6305610926805
6305644259097
6305677591388
6305710923680
6305744256024
6305777588316
6305810920607
6305844252951
6305877585243
6305910917534
6305944249878
6305977582170
6306010914461
6306044246805
6306077579097
6306110911388
6306144243680
6306177576024
6306210908316
6306244240607
6306277572951
6306310905243
6306344237534
6306377569826
6306410902170
6306444234461
6306477566805
6306510899097
6306544231388
6306577563680
6306610896024
6306644228316
6306677560607
6306710892951
6306744225243
6306777557534
6306810889878
6306844222170
6306877554461
6306910886805
6306944219097
6306977551388
6307010883680
6307044216024
6307077548316
6307110880607
6307144212951
6307177545243
6307210877534
6307244209826
6307277542170
6307310874461
6307344206805
6307377539097
6307410871388
6307444203680
6307477536024
6307510868316
6307544200607
6307577532951
6307610865243
6307644197534
6307677529878
6307710862170
6307744194461
6307777526805
6307810859097
6307844191388
6307877523680
6307910856024
6307944188316
6307977520607
6308010852951
6308044185243
6308077517534
6308110849826
6308144182170
6308177514461
6308210846805
6308244179097
6308277511388
6308310843680
6308344176024
6308377508316
6308410840607
6308444172951
6308477505243
6308510837534
6308544169878
6308577502170
6308610834461
6308644166753
6308677499097
6308710831388
6308744163680
6308777496024
6308810828316
6308844160607
6308877492951
6308910825243
6308944157534
6308977489826
6309010822170
6309044154461
6309077486805
6309110819097
6309144151388
6309177483680
6309210816024
6309244148316
6309277480607
6309310812951
6309344145243
6309377477534
6309410809878
6309444142170
6309477474461
6309510806805
6309544139097
6309577471388
6309610803680
6309644136024
6309677468316
6309710800607
6309744132951
6309777465243
6309810797534
6309844129878
6309877462170
6309910794461
6309944126805
6309977459097
6310010791388
6310044123680
6310077456024
6310110788316
6310144120607
6310177452951
6310210785243
6310244117534
6310277449878
6310310782170
6310344114461
6310377446805
6310410779097
6310444111388
6310477443680
6310510776024
6310544108316
6310577440607
6310610772951
6310644105243
6310677437534
6310710769826
6310744102170
6310777434461
6310810766805
6310844099097
6310877431388
6310910763680
6310944096024
6310977428316
6311010760607
6311044092951
6311077425243
6311110757534
6311144089878
6311177422170
6311210754461
6311244086805
6311277419097
6311310751388
6311344083680
6311377416024
6311410748316
6311444080607
6311477412951
6311510745243
6311544077534
6311577409878
6311610742170
6311644074461
6311677406805
6311710739097
6311744071388
6311777403680
6311810736024
6311844068316
6311877400607
6311910732951
6311944065243
6311977397534
6312010729878
6312044062170
6312077394461
6312110726805
6312144059097
6312177391388
6312210723680
6312244056024
6312277388316
6312310720607
6312344052951
6312377385243
6312410717534
6312444049878
6312477382170
6312510714461
6312544046805
6312577379097
6312610711388
6312644043680
6312677376024
6312710708316
6312744040607
6312777372951
6312810705243
6312844037534
6312877369878
6312910702170
6312944034461
6312977366805
6313010699097
6313044031388
6313077363680
6313110696024
6313144028316
6313177360607
6313210692951
6313244025243
6313277357534
6313310689826
6313344022170
6313377354461
6313410686805
6313444019097
6313477351388
6313510683680
6313544016024
6313577348316
6313610680607
6313644012951
6313677345243
6313710677534
6313744009878
6313777342170
6313810674461
6313844006805
6313877339097
6313910671388
6313944003680
6313977336024
6314010668316
6314044000607
6314077332951
6314110665243
6314143997534
6314177329826
6314210662170
6314243994461
6314277326805
6314310659097
6314343991388
6314377323680
6314410656024
6314443988316
6314477320607
6314510652951
6314543985243
6314577317534
6314610649878
6314643982170
6314677314461
6314710646805
6314743979097
6314777311388
6314810643680
6314843976024
6314877308316
6314910640607
6314943972951
6314977305243
6315010637534
6315043969878
6315077302170
6315110634461
6315143966805
6315177299097
6315210631388
6315243963680
6315277296024
6315310628316
6315343960607
6315377292951
6315410625243
6315443957534
6315477289878
6315510622170
6315543954461
6315577286805
6315610619097
6315643951388
6315677283680
6315710616024
6315743948316
6315777280607
6315810612951
6315843945243
6315877277534
6315910609826
6315943942170
6315977274461
6316010606805
6316043939097
6316077271388
6316110603680
6316143936024
6316177268316
6316210600607
6316243932951
6316277265243
6316310597534
6316343929878
6316377262170
6316410594461
6316443926805
6316477259097
6316510591388
6316543923680
6316577256024
6316610588316
6316643920607
6316677252951
6316710585243
6316743917534
6316777249826
6316810582170
6316843914461
6316877246805
6316910579097
6316943911388
6316977243680
6317010576024
6317043908316
6317077240607
6317110572951
6317143905243
6317177237534
6317210569878
6317243902170
6317277234461
6317310566805
6317343899097
6317377231388
6317410563680
6317443896024
6317477228316
6317510560607
6317543892951
6317577225243
6317610557534
6317643889826
6317677222170
6317710554461
6317743886805
6317777219097
6317810551388
6317843883680
6317877216024
6317910548316
6317943880607
6317977212951
6318010545243
6318043877534
6318077209878
6318110542170
6318143874461
6318177206805
6318210539097
6318243871388
6318277203680
6318310536024
6318343868316
6318377200607
6318410532951
6318443865243
6318477197534
6318510529826
6318543862170
6318577194461
6318610526805
6318643859097
6318677191388
6318710523680
6318743856024
6318777188316
6318810520607
6318843852951
6318877185243
6318910517534
6318943849878
6318977182170
6319010514461
6319043846805
6319077179097
6319110511388
6319143843680
6319177176024
6319210508316
6319243840607
6319277172951
6319310505243
6319343837534
6319377169826
6319410502170
6319443834461
6319477166805
6319510499097
6319543831388
6319577163680
6319610496024
6319643828316
6319677160607
6319710492951
6319743825243
6319777157534
6319810489878
6319843822170
6319877154461
6319910486805
6319943819097
6319977151388
6320010483680
6320043816024
6320077148316
6320110480607
6320143812951
6320177145243
6320210477534
6320243809826
6320277142170
6320310474461
6320343806805
6320377139097
6320410471388
6320443803680
6320477136024
6320510468316
6320543800607
6320577132951
6320610465243
6320643797534
6320677129878
6320710462170
6320743794461
6320777126805
6320810459097
6320843791388
6320877123680
6320910456024
6320943788316
6320977120607
6321010452951
6321043785243
6321077117534
6321110449826
6321143782170
6321177114461
6321210446805
6321243779097
6321277111388
6321310443680
6321343776024
6321377108316
6321410440607
6321443772951
6321477105243
6321510437534
6321543769878
6321577102170
6321610434461
6321643766805
6321677099097
6321710431388
6321743763680
6321777096024
6321810428316
6321843760607
6321877092951
6321910425243
6321943757534
6321977089826
6322010422170
6322043754461
6322077086805
6322110419097
6322143751388
6322177083680
6322210416024
6322243748316
6322277080607
6322310412951
6322343745243
6322377077534
6322410409878
6322443742170
6322477074461
6322510406805
6322543739097
6322577071388
6322610403680
6322643736024
6322677068316
6322710400607
6322743732951
6322777065243
6322805397534
6322838729826
6322872062170
6322905394461
6322938726805
6322972059097
6323005391388
6323038723680
6323072056024
6323105388316
6323138720607
6323172052951
6323205385243
6323238717534
6323272049878
6323305382170
6323338714461
6323372046805
6323405379097
6323438711388
6323472043680
6323505376024
6323538708316
6323572040607
6323605372951
6323638705243
6323672037534
6323705369878
6323738702170
6323772034461
6323805366805
6323838699097
6323872031388
6323905363680
6323938696024
6323972028316
6324005360607
6324038692951
6324072025243
6324105357534
6324138689878
6324172022170
6324205354461
6324238686805
6324272019097
6324305351388
6324338683680
6324372016024
6324405348316
6324438680607
6324472012951
6324505345243
6324538677534
6324572009878
6324605342170
6324638674461
6324672006805
6324705339097
6324738671388
6324772003680
6324805336024
6324838668316
6324872000607
6324905332951
6324938665243
6324971997534
6325005329878
6325038662170
6325071994461
6325105326805
6325138659097
6325171991388
6325205323680
6325238656024
6325271988316
6325305320607
6325338652951
6325371985243
6325405317534
6325438649826
6325471982170
6325505314461
6325538646805
6325571979097
6325605311388
6325638643680
6325671976024
6325705308316
6325738640607
6325771972951
6325805305243
6325838637534
6325871969878
6325905302170
6325938634461
6325971966805
6326005299097
6326038631388
6326071963680
6326105296024
6326138628316
6326171960607
6326205292951
6326238625243
6326271957534
6326305289878
6326338622170
6326371954461
6326405286805
6326438619097
6326471951388
6326505283680
6326538616024
6326571948316
6326605280607
6326638612951
6326671945243
6326705277534
6326738609878
6326771942170
6326805274461
6326838606805
6326871939097
6326905271388
6326938603680
6326971936024
6327005268316
6327038600607
6327071932951
6327105265243
6327138597534
6327171929826
6327205262170
6327238594461
6327271926805
6327305259097
6327338591388
6327371923680
6327405256024
6327438588316
6327471920607
6327505252951
6327538585243
6327571917534
6327605249878
6327638582170
6327671914461
6327705246805
6327738579097
6327771911388
6327805243680
6327838576024
6327871908316
6327905240607
6327938572951
6327971905243
6328005237534
6328038569826
6328071902170
6328105234461
6328138566805
6328171899097
6328205231388
6328238563680
6328271896024
6328305228316
6328338560607
6328371892951
6328405225243
6328438557534
6328471889878
6328505222170
6328538554461
6328571886805
6328605219097
6328638551388
6328671883680
6328705216024
6328738548316
6328771880607
6328805212951
6328838545243
6328871877534
6328905209826
6328938542170
6328971874461
6329005206805
6329038539097
6329071871388
6329105203680
6329138536024
6329171868316
6329205200607
6329238532951
6329271865243
6329305197534
6329338529878
6329371862170
6329405194461
6329438526805
6329471859097
6329505191388
6329538523680
6329571856024
6329605188316
6329638520607
6329671852951
6329705185243
6329738517534
6329771849878
6329805182170
6329838514461
6329871846805
6329905179097
6329938511388
6329971843680
6330005176024
6330038508316
6330071840607
6330105172951
6330138505243
6330171837534
6330205169878
6330238502170
6330271834461
6330305166805
6330338499097
6330371831388
6330405163680
6330438496024
6330471828316
6330505160607
6330538492951
6330571825243
6330605157534
6330638489878
6330671822170
6330705154461
6330738486805
6330771819097
6330805151388
6330838483680
6330871816024
6330905148316
6330938480607
6330971812951
6331005145243
6331038477534
6331071809878
6331105142170
6331138474461
6331171806805
6331205139097
6331238471388
6331271803680
6331305136024
6331338468316
6331371800607
6331405132951
6331438465243
6331471797534
6331505129826
6331538462170
6331571794461
6331605126805
6331638459097
6331671791388
6331705123680
6331738456024
6331771788316
6331805120607
6331838452951
6331871785243
6331905117534
6331938449878
6331971782170
6332005114461
6332038446805
6332071779097
6332105111388
6332138443680
6332171776024
6332205108316
6332238440607
6332271772951
6332305105243
6332338437534
6332371769826
6332405102170
6332438434461
6332471766805
6332505099097
6332538431388
6332571763680
6332605096024
6332638428316
6332671760607
6332705092951
6332738425243
6332771757534
6332805089878
6332838422170
6332871754461
6332905086805
6332938419097
6332971751388
6333005083680
6333038416024
6333071748316
6333105080607
6333138412951
6333171745243
6333205077534
6333238409826
6333271742170
6333305074461
6333338406805
6333371739097
6333405071388
6333438403680
6333471736024
6333505068316
6333538400607
6333576732951
6333610065243
6333643397534
6333676729878
6333710062170
6333743394461
6333776726805
6333810059097
6333843391388
6333876723680
6333910056024
6333943388316
6333976720607
6334010052951
6334043385243
6334076717534
6334110049878
6334143382170
6334176714461
6334210046805
6334243379097
6334276711388
6334310043680
6334343376024
6334376708316
6334410040607
6334443372951
6334476705243
6334510037534
6334543369878
6334576702170
6334610034461
6334643366805
6334676699097
6334710031388
6334743363680
6334776696024
6334805028316
6334838360607
6334871692951
6334905025243
6334938357534
6334971689878
6335005022170
6335038354461
6335071686805
6335105019097
6335138351388
6335171683680
6335205016024
6335238348316
6335271680607
6335305012951
6335338345243
6335371677534
6335405009878
6335438342170
6335471674461
6335505006805
6335538339097
6335571671388
6335605003680
6335638336024
6335681668316
6335710000607
6335743332951
6335776665243
6335809997534
6335843329878
6335876662170
6335909994461
6335943326805
6335976659097
6336009991388
6336043323680
6336076656024
6336109988316
6336143320607
6336176652951
6336209985243
6336243317534
6336276649878
6336309982170
6336343314461
6336376646805
6336409979097
6336443311388
6336476643680
6336509976024
6336543308316
6336576640607
6336609972951
6336643305243
6336676637534
6336709969826
6336743302170
6336776634461
6336809966805
6336843299097
6336876631388
6336909963680
6336943296024
6336976628316
6337009960607
6337043292951
6337076625243
6337109957534
6337143289878
6337176622170
6337209954461
6337243286805
6337276619097
6337309951388
6337343283680
6337376616024
6337409948316
6337443280607
6337476612951
6337509945243
6337543277534
6337576609826
6337609942170
6337643274461
6337676606805
6337709939097
6337743271388
6337776603680
6337809936024
6337843268316
6337876600607
6337909932951
6337943265243
6337976597534
6338009929878
6338043262170
6338076594461
6338109926805
6338143259097
6338176591388
6338209923680
6338243256024
6338276588316
6338309920607
6338343252951
6338376585243
6338409917534
6338443249878
6338476582170
6338509914461
6338543246805
6338576579097
6338609911388
6338643243680
6338676576024
6338709908316
6338743240607
6338776572951
6338809905243
6338843237534
6338876569878
6338909902170
6338943234461
6338976566805
6339009899097
6339043231388
6339076563680
6339109896024
6339143228316
6339176560607
6339209892951
6339243225243
6339276557534
6339309889878
6339343222170
6339376554461
6339409886805
6339443219097
6339476551388
6339509883680
6339543216024
6339576548316
6339609880607
6339643212951
6339676545243
6339709877534
6339743209878
6339776542170
6339809874461
6339843206805
6339876539097
6339909871388
6339943203680
6339976536024
6340009868316
6340043200607
6340076532951
6340109865243
6340143197534
6340176529826
6340209862170
6340243194461
6340276526805
6340309859097
6340343191388
6340376523680
6340409856024
6340443188316
6340476520607
6340509852951
6340543185243
6340576517534
6340609849878
6340643182170
6340676514461
6340709846805
6340743179097
6340776511388
6340809843680
6340843176024
6340876508316
6340909840607
6340943172951
6340976505243
6341009837534
6341043169826
6341076502170
6341109834461
6341143166805
6341176499097
6341209831388
6341243163680
6341276496024
6341309828316
6341343160607
6341376492951
6341409825243
6341443157534
6341476489878
6341509822170
6341543154461
6341576486805
6341609819097
6341643151388
6341676483680
6341709816024
6341743148316
6341776480607
6341809812951
6341843145243
6341876477534
6341909809878
6341943142170
6341976474461
6342009806805
6342043139097
6342076471388
6342109803680
6342143136024
6342176468316
6342209800607
6342243132951
6342276465243
6342309797534
6342343129878
6342376462170
6342409794461
6342443126805
6342476459097
6342509791388
6342543123680
6342576456024
6342609788316
6342643120607
6342676452951
6342709785243
6342743117534
6342776449826
6342809782170
6342843114461
6342876446805
6342909779097
6342943111388
6342976443680
6343009776024
6343043108316
6343076440607
6343109772951
6343143105243
6343176437534
6343209769878
6343243102170
6343276434461
6343309766805
6343343099097
6343376431388
6343409763680
6343443096024
6343476428316
6343509760607
6343543092951
6343576425243
6343609757534
6343643089826
6343676422170
6343709754461
6343743086805
6343776419097
6343809751388
6343843083680
6343876416024
6343909748316
6343943080607
6343976412951
6344009745243
6344043077534
6344076409878
6344109742170
6344143074461
6344176406805
6344209739097
6344243071388
6344276403680
6344309736024
6344343068316
6344376400607
6344409732951
6344443065243
6344476397534
6344509729826
6344543062170
6344576394461
6344609726805
6344643059097
6344676391388
6344709723680
6344743056024
6344776388316
6344809720607
6344843052951
6344876385243
6344909717534
6344943049878
6344976382170
6345009714461
6345043046805
6345076379097
6345109711388
6345143043680
6345176376024
6345209708316
6345243040607
6345276372951
6345309705243
6345343037534
6345376369826
6345409702170
6345443034461
6345476366805
6345509699097
6345543031388
6345576363680
6345609696024
6345643028316
6345676360607
6345709692951
6345743025243
6345776357534
6345809689878
6345843022170
6345876354461
6345909686805
6345943019097
6345976351388
6346009683680
6346043016024
6346076348316
6346109680607
6346143012951
6346176345243
6346209677534
6346243009826
6346276342170
6346309674461
6346343006805
6346376339097
6346409671388
6346443003680
6346476336024
6346509668316
6346543000607
6346576332951
6346609665243
6346642997534
6346676329878
6346709662170
6346742994461
6346776326805
6346809659097
6346842991388
6346876323680
6346909656024
6346942988316
6346976320607
6347009652951
6347042985243
6347076317534
6347109649826
6347142982170
6347176314461
6347209646805
6347242979097
6347276311388
6347309643680
6347342976024
6347376308316
6347409640607
6347442972951
6347476305243
6347509637534
6347542969878
6347576302170
6347609634461
6347642966805
6347676299097
6347709631388
6347742963680
6347776296024
6347809628316
6347842960607
6347876292951
6347909625243
6347942957534
6347976289878
6348009622170
6348042954461
6348076286805
6348109619097
6348142951388
6348176283680
6348209616024
6348242948316
6348276280607
6348309612951
6348342945243
6348376277534
6348409609878
6348442942170
6348476274461
6348509606805
6348542939097
6348576271388
6348609603680
6348642936024
6348676268316
6348709600607
6348742932951
6348776265243
6348809597534
6348842929826
6348876262170
6348909594461
6348942926805
6348976259097
6349009591388
6349042923680
6349076256024
6349109588316
6349142920607
6349176252951
6349209585243
6349242917534
6349276249878
6349309582170
6349342914461
6349376246805
6349409579097
6349442911388
6349476243680
6349509576024
6349542908316
6349576240607
6349609572951
6349642905243
6349676237534
6349709569826
6349742902170
6349776234461
6349809566805
6349842899097
6349876231388
6349909563680
6349942896024
6349976228316
6350009560607
6350042892951
6350076225243
6350109557534
6350142889878
6350176222170
6350209554461
6350242886805
6350276219097
6350309551388
6350342883680
6350376216024
6350409548316
6350442880607
6350476212951
6350509545243
6350542877534
6350576209826
6350609542170
6350642874461
6350676206805
6350709539097
6350742871388
6350776203680
6350809536024
6350842868316
6350876200607
6350909532951
6350942865243
6350976197534
6351009529878
6351042862170
6351076194461
6351109526805
6351142859097
6351176191388
6351209523680
6351242856024
6351276188316
6351309520607
6351342852951
6351376185243
6351409517534
6351442849826
6351476182170
6351509514461
6351542846805
6351576179097
6351609511388
6351642843680
6351676176024
6351709508316
6351742840607
6351776172951
6351809505243
6351842837534
6351876169878
6351909502170
6351942834461
6351976166805
