5674174928022
5674208260314
5674241592658
5674274924949
5674308257293
5674341589585
5674374921876
5674408254168
5674441586512
5674474918803
5674508251095
5674541583387
5674574915730
5674608248022
5674641580314
5674674912658
5674708244949
5674741577241
5674774909585
5674808241876
5674841574168
5674874906460
5674908238803
5674941571095
5674974903387
5675008235730
5675041568022
5675074900314
5675108232658
5675141564949
5675174897293
5675208229585
5675241561876
5675274894168
5675308226460
5675341558803
5675374891095
5675408223387
5675441555730
5675474888022
5675508220314
5675541552658
5675574884949
5675608217241
5675641549585
5675674881876
5675708214168
5675741546460
5675774878803
5675808211095
5675841543387
5675874875730
5675908208022
5675941540314
5675974872658
5676008204949
5676041537293
5676074869585
5676108201876
5676141534168
5676174866460
5676208198803
5676241531095
5676274863387
5676308195730
5676341528022
5676374860366
5676408192658
5676441524949
5676474857241
5676508189585
5676541521876
5676574854168
5676608186460
5676641518803
5676674851095
5676708183439
5676741515730
5676774848022
5676808180314
5676841512658
5676874844949
5676908177293
5676941509585
5676974841876
5677008174168
5677041506460
5677074838803
5677108171095
5677141503387
5677174835730
5677208168022
5677241500366
5677274832658
5677308164949
5677341497241
5677374829585
5677408161876
5677441494168
5677474826512
5677508158803
5677541491095
5677574823439
5677608155730
5677641488022
5677674820314
5677708152658
5677741484949
5677774817293
5677808149585
5677841481876
5677874814168
5677908146460
5677941478803
5677974811095
5678008143387
5678041475730
5678074808022
5678108140366
5678141472658
5678174804949
5678208137241
5678241469585
5678274801876
5678308134168
5678341466460
5678374798803
5678408131095
5678441463387
5678474795730
5678508128022
5678541460314
5678574792658
5678608124949
5678641457293
5678674789585
5678708121876
5678741454168
5678774786512
5678808118803
5678841451095
5678874783387
5678908115730
5678941448022
5678974780366
5679008112658
5679041444949
5679074777241
5679108109585
5679141441876
5679174774168
5679208106460
5679241438803
5679274771095
5679308103387
5679341435730
5679374768022
5679408100314
5679441432658
5679474764949
5679508097293
5679541429585
5679574761876
5679608094168
5679641426460
5679674758803
5679708091095
5679741423387
5679774755730
5679808088022
5679841420366
5679874752658
5679908084949
5679941417241
5679974749585
5680008081876
5680041414168
5680074746460
5680108078803
5680141411095
5680174743387
5680208075730
5680241408022
5680274740314
5680308072658
5680341404949
5680374737293
5680408069585
5680441401876
5680474734168
5680508066460
5680541398803
5680574731095
5680608063387
5680641395730
5680674728022
5680708060314
5680741392658
5680774724949
5680808057241
5680841389585
5680874721876
5680908054168
5680941386460
5680974718803
5681008051095
5681041383439
5681074715730
5681108048022
5681141380314
5681174712658
5681208044949
5681241377241
5681274709585
5681308041876
5681341374168
5681374706460
5681408038803
5681441371095
5681474703387
5681508035730
5681541368022
5681574700314
5681608032658
5681641364949
5681674697241
5681708029585
5681741361876
5681774694168
5681808026460
5681841358803
5681874691095
5681908023439
5681941355730
5681974688022
5682008020314
5682041352658
5682074684949
5682108017293
5682141349585
5682174681876
5682208014168
5682241346460
5682274678803
5682308011095
5682341343387
5682374675730
5682408008022
5682441340314
5682474672658
5682508004949
5682541337241
5682574669585
5682608001876
5682641334168
5682674666460
5682707998803
5682741331095
5682774663439
5682807995730
5682841328022
5682874660314
5682907992658
5682941324949
5682974657293
5683007989585
5683041321876
5683074654168
5683107986460
5683141318803
5683174651095
5683207983387
5683241315730
5683274648022
5683307980366
5683341312658
5683374644949
5683407977241
5683441309585
5683474641876
5683507974168
5683541306460
5683574638803
5683607971095
5683641303387
5683674635730
5683707968022
5683741300314
5683774632658
5683807964949
5683841297293
5683874629585
5683907961876
5683941294168
5683974626460
5684007958803
5684041291095
5684074623387
5684107955730
5684141288022
5684174620366
5684207952658
5684241284949
5684274617241
5684307949585
5684341281876
5684374614168
5684407946460
5684441278803
5684474611095
5684507943387
5684541275730
5684574608022
5684607940314
5684641272658
5684674604949
5684707937293
5684741269585
5684774601876
5684807934168
5684841266460
5684874598803
5684907931095
5684941263387
5684974595730
5685007928022
5685041260314
5685074592658
5685107924949
5685141257241
5685174589585
5685207921876
5685241254168
5685274586460
5685307918803
5685341251095
5685374583439
5685407915730
5685441248022
5685474580314
5685507912658
5685541244949
5685574577293
5685607909585
5685641241876
5685674574168
5685707906460
5685741238803
5685774571095
5685807903387
5685841235730
5685874568022
5685907900366
5685941232658
5685974564949
5686007897241
5686041229585
5686074561876
5686107894168
5686141226460
5686174558803
5686207891095
5686241223439
5686274555730
5686307888022
5686341220314
5686374552658
5686407884949
5686441217293
5686474549533
5686507881876
5686541214168
5686574546460
5686607878803
5686641211095
5686674543387
5686707875730
5686741208022
5686774540366
5686807872658
5686841204949
5686874537241
5686907869585
5686941201876
5686974534168
5687007866460
5687041198803
5687074531095
5687107863387
5687141195730
5687174528022
5687207860314
5687241192658
5687274524949
5687307857293
5687341189585
5687374521876
5687407854168
5687441186460
5687474518803
5687507851095
5687541183387
5687574515730
5687607848022
5687641180314
5687674512658
5687707844949
5687741177241
5687774509585
5687807841876
5687841174168
5687874506460
5687907838803
5687941171095
5687974503439
5688007835730
5688041168022
5688074500314
5688107832658
5688141164949
5688174497293
5688207829585
5688241161876
5688274494168
5688307826460
5688341158803
5688374491095
5688407823387
5688441155730
5688474488022
5688507820366
5688541152658
5688574484949
5688607817241
5688641149585
5688674481876
5688707814168
5688741146460
5688774478803
5688807811095
5688841143439
5688874475730
5688907808022
5688941140314
5688974472658
5689007804949
5689041137293
5689074469585
5689107801876
5689141134168
5689174466460
5689207798803
5689241131095
5689274463387
5689307795730
5689341128022
5689374460314
5689407792658
5689441124949
5689474457241
5689507789585
5689541121876
5689574454168
5689607786460
5689641118803
5689674451095
5689707783387
5689741115730
5689774448022
5689807780314
5689841112658
5689874444949
5689907777293
5689941109533
5689974441876
5690007774168
5690041106460
5690074438803
5690107771095
5690141103387
5690174435730
5690207768022
5690241100314
5690274432658
5690307764949
5690341097241
5690374429585
5690407761876
5690441094168
5690474426460
5690507758803
5690541091095
5690574423387
5690607755730
5690641088022
5690674420314
5690707752658
5690741084949
5690774417293
5690807749585
5690841081876
5690874414168
5690907746460
5690941078803
5690974411095
5691007743387
5691041075730
5691074408022
5691107740314
5691141072658
5691174404949
5691207737241
5691241069585
5691274401876
5691307734168
5691341066460
5691374398803
5691407731095
5691441063439
5691474395730
5691507728022
5691541060314
5691574392658
5691607724949
5691641057293
5691674389585
5691707721876
5691741054168
5691774386460
5691807718803
5691841051095
5691874383387
5691907715730
5691941048022
5691974380366
5692007712658
5692041044949
5692074377241
5692107709585
5692141041876
5692174374168
5692207706460
5692241038803
5692274371095
5692307703439
5692341035730
5692374368022
5692407700314
5692441032658
5692474364949
5692507697293
5692541029585
5692574361876
5692607694168
5692641026460
5692674358803
5692707691095
5692741023387
5692774355730
5692807688022
5692841020366
5692874352658
5692907684949
5692941017241
5692974349585
5693007681876
5693041014168
5693074346460
5693107678803
5693141011095
5693174343387
5693207675730
5693241008022
5693274340314
5693307672658
5693341004949
5693374337293
5693407669585
5693441001876
5693474334168
5693507666460
5693540998803
5693574331095
5693607663387
5693640995730
5693674328022
5693707660314
5693740992658
5693774324949
5693807657241
5693840989585
5693874321876
5693907654168
5693940986460
5693974318803
5694007651095
5694040983387
5694074315730
5694107648022
5694140980314
5694174312658
5694207644949
5694240977293
5694274309585
5694307641876
5694340974168
5694374306460
5694407638803
5694440971095
5694474303387
5694507635730
5694540968022
5694574300314
5694607632658
5694640964949
5694674297241
5694707629585
5694740961876
5694774294168
5694807626460
5694840958803
5694874291095
5694907623387
5694940955730
5694974288022
5695007620314
5695040952658
5695074284949
5695107617241
5695140949585
5695174281876
5695207614168
5695240946460
5695274278803
5695307611095
5695340943387
5695374275730
5695407608022
5695440940314
5695474272658
5695507604949
5695540937241
5695574269585
5695607601876
5695640934168
5695674266460
5695707598803
5695740931095
5695774263387
5695807595730
5695840928022
5695874260314
5695907592658
5695940924949
5695974257293
5696007589585
5696040921876
5696074254168
5696107586460
5696140918803
5696174251095
5696207583387
5696240915730
5696274248022
5696307580366
5696340912658
5696374244949
5696407577241
5696440909585
5696474241876
5696507574168
5696540906460
5696574238803
5696607571095
5696640903387
5696674235730
5696707568022
5696740900314
5696774232658
5696807564949
5696840897293
5696874229585
5696907561876
5696940894168
5696974226512
5697007558803
5697040891095
5697074223387
5697107555730
5697140888022
5697174220314
5697207552658
5697240884949
5697274217241
5697307549585
5697340881876
5697374214168
5697407546460
5697440878803
5697474211095
5697507543387
5697540875730
5697574208022
5697607540314
5697640872658
5697674204949
5697707537293
5697740869585
5697774201876
5697807534168
5697840866460
5697874198803
5697907531095
5697940863387
5697974195730
5698007528022
5698040860314
5698074192658
5698107524949
5698140857241
5698174189585
5698207521876
5698240854168
5698274186460
5698307518803
5698340851095
5698374183387
5698407515730
5698440848022
5698474180314
5698507512658
5698540844949
5698574177241
5698607509585
5698640841876
5698674174168
5698707506460
5698740838803
5698774171095
5698807503387
5698840835730
5698874168022
5698907500314
5698940832658
5698974164949
5699007497241
5699040829585
5699074161876
5699107494168
5699140826460
5699174158803
5699207491095
5699240823387
5699274155730
5699307488022
5699340820314
5699374152658
5699407484949
5699440817293
5699474149585
5699507481876
5699540814168
5699574146460
5699607478803
5699640811095
5699674143387
5699707475730
5699740808022
5699774140314
5699807472658
5699840804949
5699874137241
5699907469585
5699940801876
5699974134168
5700007466460
5700040798803
5700074131095
5700107463387
5700140795730
5700174128022
5700207460314
5700240792658
5700274124949
5700307457241
5700340789585
5700374121876
5700407454168
5700440786460
5700474118803
5700507451095
5700540783387
5700574115730
5700607448022
5700640780366
5700674112658
5700707444949
5700740777241
5700774109585
5700807441876
5700840774168
5700874106460
5700907438803
5700940771095
5700974103439
5701007435730
5701040768022
5701074100314
5701107432658
5701140764949
5701174097293
5701207429585
5701240761876
5701274094168
5701307426460
5701340758803
5701374091095
5701407423387
5701440755730
5701474088022
5701507420366
5701540752658
5701574084949
5701607417241
5701640749585
5701674081876
5701707414168
5701740746460
5701774078803
5701807411095
5701840743387
5701874075730
5701907408022
5701940740314
5701974072658
5702007404949
5702040737293
5702074069585
5702107401876
5702140734168
5702174066460
5702207398803
5702240731095
5702274063387
5702307395730
5702340728022
5702374060314
5702407392658
5702440724949
5702474057241
5702507389585
5702540721876
5702574054168
5702607386460
5702640718803
5702674051095
5702707383439
5702740715730
5702774048022
5702807380314
5702840712658
5702874044949
5702907377241
5702940709585
5702974041876
5703007374168
5703040706460
5703074038803
5703107371095
5703140703387
5703174035730
5703207368022
5703240700314
5703274032658
5703307364949
5703340697241
5703374029585
5703407361876
5703440694168
5703474026460
5703507358803
5703540691095
5703574023439
5703607355730
5703640688022
5703674020314
5703707352658
5703740684949
5703774017293
5703807349585
5703840681876
5703874014168
5703907346460
5703940678803
5703974011095
5704007343387
5704040675730
5704074008022
5704107340314
5704140672658
5704174004949
5704207337241
5704240669585
5704274001876
5704307334168
5704340666460
5704373998803
5704407331095
5704440663387
5704473995730
5704507328022
5704540660314
5704573992658
5704607324949
5704640657293
5704673989585
5704707321876
5704740654168
5704773986460
5704807318803
5704840651095
5704873983387
5704907315730
5704940648022
5704973980314
5705007312658
5705040644949
5705073977241
5705107309585
5705140641876
5705173974168
5705207306460
5705240638803
5705273971095
5705307303387
5705340635730
5705373968022
5705407300314
5705440632658
5705473964949
5705507297241
5705540629585
5705573961876
5705607294168
5705640626460
5705673958803
5705707291095
5705740623387
5705773955730
5705807288022
5705840620314
5705873952658
5705907284949
5705940617241
5705973949585
5706007281876
5706040614168
5706073946460
5706107278803
5706140611095
5706173943387
5706207275730
5706240608022
5706273940314
5706307272658
5706340604949
5706373937241
5706407269585
5706440601876
5706473934168
5706507266460
5706540598803
5706573931095
5706607263387
5706640595730
5706673928022
5706707260366
5706740592658
5706773924949
5706807257241
5706840589585
5706873921876
5706907254168
5706940586460
5706973918803
5707007251095
5707040583387
5707073915730
5707107248022
5707140580314
5707173912658
5707207244949
5707240577241
5707273909585
5707307241876
5707340574168
5707373906460
5707407238803
5707440571095
5707473903387
5707507235730
5707540568022
5707573900314
5707607232658
5707640564949
5707673897241
5707707229585
5707740561876
5707773894168
5707807226460
5707840558803
5707873891095
5707907223387
5707940555730
5707973888022
5708007220314
5708040552658
5708073884949
5708107217293
5708140549585
5708173881876
5708207214168
5708240546460
5708273878803
5708307211095
5708340543387
5708373875730
5708407208022
5708440540314
5708473872658
5708507204949
5708540537241
5708573869585
5708607201876
5708640534168
5708673866460
5708707198803
5708740531095
5708773863387
5708807195730
5708840528022
5708873860314
5708907192658
5708940524949
5708973857293
5709007189585
5709040521876
5709073854168
5709107186460
5709140518803
5709173851095
5709207183387
5709240515730
5709273848022
5709307180314
5709340512658
5709373844949
5709407177241
5709440509585
5709473841876
5709507174168
5709540506460
5709573838803
5709607171095
5709640503387
5709673835730
5709707168022
5709740500314
5709773832658
5709807164949
5709840497293
5709873829585
5709907161876
5709940494168
5709973826460
5710007158803
5710040491095
5710073823387
5710107155730
5710140488022
5710173820314
5710207152658
5710240484949
5710273817241
5710307149585
5710340481876
5710373814168
5710407146460
5710440478803
5710473811095
5710507143387
5710540475730
5710573808022
5710607140314
5710640472658
5710673804949
5710707137293
5710740469585
5710773801876
5710807134168
5710840466460
5710873798803
5710907131095
5710940463387
5710973795730
5711007128022
5711040460314
5711073792658
5711107124949
5711140457241
5711173789585
5711207121876
5711240454168
5711273786460
5711307118803
5711340451095
5711373783387
5711407115730
5711440448022
5711473780314
5711507112658
5711540444949
5711573777241
5711607109585
5711640441876
5711673774168
5711707106460
5711740438803
5711773771095
5711807103387
5711840435730
5711873768022
5711907100314
5711940432658
5711973764949
5712007097241
5712040429585
5712073761876
5712107094168
5712140426460
5712173758803
5712207091095
5712240423387
5712273755730
5712307088022
5712340420314
5712373752658
5712407084949
5712440417241
5712473749533
5712507081876
5712540414168
5712573746460
5712607078803
5712640411095
5712673743387
5712707075730
5712740408022
5712773740314
5712807072658
5712840404949
5712873737241
5712907069585
5712940401876
5712973734168
5713007066460
5713040398803
5713073731095
5713107063387
5713140395730
5713173728022
5713207060314
5713240392658
5713273724949
5713307057241
5713340389585
5713373721876
5713407054168
5713440386460
5713473718803
5713507051095
5713540383387
5713573715730
5713607048022
5713640380366
5713673712658
5713707044949
5713740377241
5713773709585
5713807041876
5713840374168
5713873706460
5713907038803
5713940371095
5713973703387
5714007035730
5714040368022
5714073700314
5714107032658
5714140364949
5714173697241
5714207029585
5714240361876
5714273694168
5714307026460
5714340358803
5714373691095
5714407023387
5714440355730
5714473688022
5714507020314
5714540352658
5714573684949
5714607017241
5714640349585
5714673681876
5714707014168
5714740346460
5714773678803
5714807011095
5714840343387
5714873675730
5714907008022
5714940340314
5714973672658
5715007004949
5715040337241
5715073669585
5715107001876
5715140334168
5715173666512
5715206998803
5715240331095
5715273663387
5715306995730
5715340328022
5715373660314
5715406992658
5715440324949
5715473657241
5715506989585
5715540321876
5715573654168
5715606986460
5715640318803
5715673651095
5715706983387
5715740315730
5715773648022
5715806980314
5715840312658
5715873644949
5715906977241
5715940309585
5715973641876
5716006974168
5716040306460
5716073638803
5716106971095
5716140303387
5716173635730
5716206968022
5716240300314
5716273632658
5716306964949
5716340297241
5716373629585
5716406961876
5716440294168
5716473626460
5716506958803
5716540291095
5716573623387
5716606955730
5716640288022
5716673620314
5716706952658
5716740284949
5716773617241
5716806949585
5716840281876
5716873614168
5716906946460
5716940278803
5716973611095
5717006943387
5717040275730
5717073608022
5717106940314
5717140272658
5717173604949
5717206937241
5717240269585
5717273601876
5717306934168
5717340266460
5717373598803
5717406931095
5717440263387
5717473595730
5717506928022
5717540260314
5717573592658
5717606924949
5717640257241
5717673589533
5717706921876
5717740254168
5717773586460
5717806918803
5717840251095
5717873583387
5717906915730
5717940248022
5717973580314
5718006912658
5718040244949
5718073577241
5718106909585
5718140241876
5718173574168
5718206906460
5718240238803
5718273571095
5718306903387
5718340235730
5718373568022
5718406900314
5718440232658
5718473564949
5718506897241
5718540229585
5718573561876
5718606894168
5718640226460
5718673558803
5718706891095
5718740223387
5718773555730
5718806888022
5718840220314
5718873552658
5718906884949
5718940217241
5718973549585
5719006881876
5719040214168
5719073546460
5719106878803
5719140211095
5719173543387
5719206875730
5719240208022
5719273540314
5719306872658
5719340204949
5719373537241
5719406869533
5719440201876
5719473534168
5719506866460
5719540198803
5719573531095
5719606863387
5719640195730
5719673528022
5719706860314
5719740192658
5719773524949
5719806857241
5719840189585
5719873521876
5719906854168
5719940186460
5719973518803
5720006851095
5720040183387
5720073515730
5720106848022
5720140180314
5720173512658
5720206844949
5720240177241
5720273509585
5720306841876
5720340174168
5720373506460
5720406838803
5720440171095
5720473503387
5720506835730
5720540168022
5720573500314
5720606832658
5720640164949
5720673497241
5720706829585
5720740161876
5720773494168
5720806826460
5720840158803
5720873491095
5720906823387
5720940155730
5720973488022
5721006820314
5721040152658
5721073484949
5721106817293
5721140149585
5721173481876
5721206814168
5721240146460
5721273478803
5721306811095
5721340143387
5721373475730
5721406808022
5721440140314
5721473472658
5721506804949
5721540137241
5721573469585
5721606801876
5721640134168
5721673466460
5721706798803
5721740131095
5721773463387
5721806795730
5721840128022
5721873460314
5721906792658
5721940124949
5721973457293
5722006789585
5722040121876
5722073454168
5722106786460
5722140118803
5722173451095
5722206783387
5722240115730
5722273448022
5722306780366
5722340112658
5722373444949
5722406777241
5722440109585
5722473441876
5722506774168
5722540106460
5722573438803
5722606771095
5722640103387
5722673435730
5722706768022
5722740100314
5722773432658
5722806764949
5722840097241
5722873429585
5722906761876
5722940094168
5722973426460
5723006758803
5723040091095
5723073423387
5723106755730
5723140088022
5723173420314
5723206752658
5723240084949
5723273417241
5723306749585
5723340081876
5723373414168
5723406746460
5723440078803
5723473411095
5723506743387
5723540075730
5723573408022
5723606740314
5723640072658
5723673404949
5723706737241
5723740069533
5723773401876
5723806734168
5723840066460
5723873398803
5723906731095
5723940063387
5723973395730
5724006728022
5724040060314
5724073392658
5724106724949
5724140057241
5724173389585
5724206721876
5724240054168
5724273386460
5724306718803
5724340051095
5724373383387
5724406715730
5724440048022
5724473380314
5724506712658
5724540044949
5724573377241
5724606709585
5724640041876
5724673374168
5724706706460
5724740038803
5724773371095
5724806703387
5724840035730
5724873368022
5724906700314
5724940032658
5724973364949
5725006697241
5725040029585
5725073361876
5725106694168
5725140026460
5725173358803
5725206691095
5725240023387
5725273355730
5725306688022
5725340020314
5725373352658
5725406684949
5725440017241
5725473349585
5725506681876
5725540014168
5725573346460
5725606678803
5725640011095
5725673343387
5725706675730
5725740008022
5725773340314
5725806672658
5725840004949
5725873337241
5725906669585
5725940001876
5725973334168
5726006666460
5726039998803
5726073331095
5726106663387
5726139995730
5726173328022
5726206660314
5726239992658
5726273324949
5726306657293
5726339989585
5726373321876
5726406654168
5726439986460
5726473318803
5726506651095
5726539983387
5726573315730
5726606648022
5726639980314
5726673312658
5726706644949
5726739977241
5726773309585
5726806641876
5726839974168
5726873306460
5726906638803
5726939971095
5726973303387
5727006635730
5727039968022
5727073300314
5727106632658
5727139964949
5727173297293
5727206629533
5727239961876
5727273294168
5727306626460
5727339958803
5727373291095
5727406623387
5727439955730
5727473288022
5727506620314
5727539952658
5727573284949
5727606617241
5727639949585
5727673281876
5727706614168
5727739946460
5727773278803
5727806611095
5727839943387
5727873275730
5727906608022
5727939940314
5727973272658
5728006604949
5728039937293
5728073269533
5728106601876
5728139934168
5728173266460
5728206598803
5728239931095
5728273263387
5728306595730
5728339928022
5728373260314
5728406592658
5728439924949
5728473257241
5728506589585
5728539921876
5728573254168
5728606586460
5728639918803
5728673251095
5728706583387
5728739915730
5728773248022
5728806580314
5728839912658
5728873244949
5728906577241
5728939909533
5728973241876
5729006574168
5729039906460
5729073238803
5729106571095
5729139903387
5729173235730
5729206568022
5729239900314
5729273232658
5729306564949
5729339897241
5729373229585
5729406561876
5729439894168
5729473226460
5729506558803
5729539891095
5729573223387
5729606555730
5729639888022
5729673220314
5729706552658
5729739884949
5729773217241
5729806549585
5729839881876
5729873214168
5729906546460
5729939878803
5729973211095
5730006543387
5730039875730
5730073208022
5730106540314
5730139872658
5730173204949
5730206537241
5730239869585
5730273201876
5730306534168
5730339866460
5730373198803
5730406531095
5730439863387
5730473195730
5730506528022
5730539860314
5730573192658
5730606524949
5730639857293
5730673189585
5730706521876
5730739854168
5730773186460
5730806518803
5730839851095
5730873183387
5730906515730
5730939848022
5730973180366
5731006512658
5731039844949
5731073177241
5731106509585
5731139841876
5731173174168
5731206506460
5731239838803
5731273171095
5731306503387
5731339835730
5731373168022
5731406500314
5731439832658
5731473164949
5731506497241
5731539829585
5731573161876
5731606494168
5731639826460
5731673158803
5731706491095
5731739823387
5731773155730
5731806488022
5731839820314
5731873152658
5731906484949
5731939817241
5731973149585
5732006481876
5732039814168
5732073146460
5732106478803
5732139811095
5732173143387
5732206475730
5732239808022
5732273140314
5732306472658
5732339804949
5732373137241
5732406469533
5732439801876
5732473134168
5732506466460
5732539798803
5732573131095
5732606463387
5732639795730
5732673128022
5732706460314
5732739792658
5732773124949
5732806457241
5732839789585
5732873121876
5732906454168
5732939786460
5732973118803
5733006451095
5733039783387
5733073115730
5733106448022
5733139780314
5733173112658
5733206444949
5733239777241
5733273109533
5733306441876
5733339774168
5733373106460
5733406438803
5733439771095
5733473103387
5733506435730
5733539768022
5733573100314
5733606432658
5733639764949
5733673097241
5733706429585
5733739761876
5733773094168
5733806426460
5733839758803
5733873091095
5733906423387
5733939755730
5733973088022
5734006420314
5734039752658
5734073084949
5734106417241
5734139749585
5734173081876
5734206414168
5734239746460
5734273078803
5734306411095
5734339743387
5734373075730
5734406408022
5734439740314
5734473072658
5734506404949
5734539737241
5734573069585
5734606401876
5734639734168
5734673066460
5734706398803
5734739731095
5734773063387
5734806395730
5734839728022
5734873060314
5734906392658
5734939724949
5734973057241
5735006389585
5735039721876
