5959218814006
5959252146350
5959285478642
5959318810933
5959352143225
5959385475569
5959418807861
5959452140152
5959485472496
5959518804788
5959552137079
5959585469371
5959618801715
5959652134006
5959685466350
5959718798642
5959752130933
5959785463225
5959818795569
5959852127861
5959885460152
5959918792496
5959952124788
5959985457079
5960018789423
5960052121715
5960085454006
5960118786350
5960152118642
5960185450933
5960218783225
5960252115569
5960285447861
5960318780152
5960352112496
5960385444788
5960418777079
5960452109423
5960485441715
5960518774006
5960552106350
5960585438642
5960618770933
5960652103225
5960685435569
5960718767861
5960752100152
5960785432496
5960818764788
5960852097079
5960885429423
5960918761715
5960952094006
5960985426350
5961018758642
5961052090933
5961085423225
5961118755569
5961152087861
5961185420152
5961218752496
5961252084788
5961285417079
5961318749371
5961352081715
5961385414006
5961418746350
5961452078642
5961485410933
5961518743225
5961552075569
5961585407861
5961618740152
5961652072496
5961685404788
5961718737079
5961752069423
5961785401715
5961818734006
5961852066350
5961885398642
5961918730933
5961952063225
5961985395569
5962018727861
5962052060152
5962085392496
5962118724788
5962152057079
5962185389371
5962218721715
5962252054006
5962285386350
5962318718642
5962352050933
5962385383225
5962418715569
5962452047861
5962485380152
5962518712444
5962552044788
5962585377079
5962618709423
5962652041715
5962685374006
5962718706350
5962752038642
5962785370933
5962818703225
5962852035569
5962885367861
5962918700152
5962952032496
5962985364788
5963018697079
5963052029371
5963085361715
5963118694006
5963152026350
5963185358642
5963218690933
5963252023225
5963285355569
5963318687861
5963352020152
5963385352496
5963418684788
5963452017079
5963485349423
5963518681715
5963552014006
5963585346350
5963618678642
5963652010933
5963685343225
5963718675569
5963752007861
5963785340152
5963818672496
5963852004788
5963885337079
5963918669371
5963952001715
5963985334006
5964018666350
5964051998642
5964085330933
5964118663225
5964151995569
5964185327861
5964218660152
5964251992496
5964285324788
5964318657079
5964351989423
5964385321715
5964418654006
5964451986350
5964485318642
5964518650933
5964551983225
5964585315569
5964618647861
5964651980152
5964685312496
5964718644788
5964751977079
5964785309423
5964818641715
5964851974006
5964885306350
5964918638642
5964951970933
5964985303225
5965018635569
5965051967861
5965085300152
5965118632496
5965151964788
5965185297079
5965218629423
5965251961715
5965285294006
5965318626350
5965351958642
5965385290933
5965418623225
5965451955569
5965485287861
5965518620152
5965551952496
5965585284788
5965618617079
5965651949371
5965685281715
5965718614006
5965751946350
5965785278642
5965818610933
5965851943225
5965885275569
5965918607861
5965951940152
5965985272496
5966018604788
5966051937079
5966085269423
5966118601715
5966151934006
5966185266350
5966218598642
5966251930933
5966285263225
5966318595569
5966351927861
5966385260152
5966418592496
5966451924788
5966485257079
5966518589371
5966551921715
5966585254006
5966618586350
5966651918642
5966685250933
5966718583225
5966751915569
5966785247861
5966818580152
5966851912496
5966885244788
5966918577079
5966951909423
5966985241715
5967018574006
5967051906350
5967085238642
5967118570933
5967151903225
5967185235569
5967218567861
5967251900152
5967285232496
5967318564788
5967351897079
5967385229371
5967418561715
5967451894006
5967485226350
5967518558642
5967551890933
5967585223225
5967618555569
5967651887861
5967685220152
5967718552444
5967751884788
5967785217079
5967818549423
5967851881715
5967885214006
5967918546350
5967951878642
5967985210933
5968018543225
5968051875569
5968085207861
5968118540152
5968151872496
5968185204788
5968218537079
5968251869371
5968285201715
5968318534006
5968351866350
5968385198642
5968418530933
5968451863225
5968485195569
5968518527861
5968551860152
5968585192444
5968618524788
5968651857079
5968685189423
5968718521715
5968751854006
5968785186298
5968818518642
5968851850933
5968885183225
5968918515569
5968951847861
5968985180152
5969018512496
5969051844788
5969085177079
5969118509371
5969151841715
5969185174006
5969218506350
5969251838642
5969285170933
5969318503225
5969351835569
5969385167861
5969418500152
5969451832444
5969485164788
5969518497079
5969551829423
5969585161715
5969618494006
5969651826350
5969685158642
5969718490933
5969751823225
5969785155569
5969818487861
5969851820152
5969885152496
5969918484788
5969951817079
5969985149371
5970018481715
5970051814006
5970085146350
5970118478642
5970151810933
5970185143225
5970218475569
5970251807861
5970285140152
5970318472496
5970351804788
5970385137079
5970418469423
5970451801715
5970485134006
5970518466350
5970551798642
5970585130933
5970618463225
5970651795569
5970685127861
5970718460152
5970751792496
5970785124788
5970818457079
5970851789423
5970885121715
5970918454006
5970951786350
5970985118642
5971018450933
5971051783225
5971085115569
5971118447861
5971151780152
5971185112444
5971218444788
5971251777079
5971285109423
5971318441715
5971351774006
5971385106350
5971418438642
5971451770933
5971485103225
5971518435569
5971551767861
5971585100152
5971618432496
5971651764788
5971685097079
5971718429423
5971751761715
5971785094006
5971818426350
5971851758642
5971885090933
5971918423225
5971951755569
5971985087861
5972018420152
5972051752496
5972085084788
5972118417079
5972151749423
5972185081715
5972218414006
5972251746350
5972285078642
5972318410933
5972351743225
5972385075569
5972418407861
5972451740152
5972485072496
5972518404788
5972551737079
5972585069371
5972618401715
5972651734006
5972685066350
5972718398642
5972751730933
5972785063225
5972818395569
5972851727861
5972885060152
5972918392444
5972951724788
5972985057079
5973018389423
5973051721715
5973085054006
5973118386350
5973151718642
5973185050933
5973218383225
5973251715569
5973285047861
5973318380152
5973351712496
5973385044788
5973418377079
5973451709371
5973485041715
5973518374006
5973551706350
5973585038642
5973618370933
5973651703225
5973685035569
5973718367861
5973751700152
5973785032496
5973818364788
5973851697079
5973885029423
5973918361715
5973951694006
5973985026350
5974018358642
5974051690933
5974085023225
5974118355569
5974151687861
5974185020152
5974218352496
5974251684788
5974285017079
5974318349371
5974351681715
5974385014006
5974418346350
5974451678642
5974485010933
5974518343225
5974551675569
5974585007861
5974618340152
5974651672496
5974685004788
5974718337079
5974751669423
5974785001715
5974818334006
5974851666350
5974884998642
5974918330933
5974951663225
5974984995569
5975018327861
5975051660152
5975084992496
5975118324788
5975151657079
5975184989371
5975218321715
5975251654006
5975284986350
5975318318642
5975351650933
5975384983225
5975418315569
5975451647861
5975484980152
5975518312496
5975551644788
5975584977079
5975618309423
5975651641715
5975684974006
5975718306350
5975751638642
5975784970933
5975818303225
5975851635569
5975884967861
5975918300152
5975951632496
5975984964788
5976018297079
5976051629371
5976084961715
5976118294006
5976151626350
5976184958642
5976218290933
5976251623225
5976284955569
5976318287861
5976351620152
5976384952496
5976418284788
5976451617079
5976484949423
5976518281715
5976551614006
5976584946350
5976618278642
5976651610933
5976684943225
5976718275569
5976751607861
5976784940152
5976818272496
5976851604788
5976884937079
5976918269371
5976951601715
5976984934006
5977018266350
5977051598642
5977084930933
5977118263225
5977151595569
5977184927861
5977218260152
5977251592496
5977284924788
5977318257079
5977351589423
5977384921715
5977418254006
5977451586350
5977484918642
5977518250933
5977551583225
5977584915569
5977618247861
5977651580152
5977684912496
5977718244788
5977751577079
5977784909371
5977818241715
5977851574006
5977884906350
5977918238642
5977951570933
5977984903225
5978018235569
5978051567861
5978084900152
5978118232444
5978151564788
5978184897079
5978218229423
5978251561715
5978284894006
5978318226350
5978351558642
5978384890933
5978418223225
5978451555569
5978484887861
5978518220152
5978551552496
5978584884788
5978618217079
5978651549371
5978684881715
5978718214006
5978751546350
5978784878642
5978818210933
5978851543225
5978884875569
5978918207861
5978951540152
5978984872496
5979018204788
5979051537079
5979084869423
5979118201715
5979151534006
5979184866350
5979218198642
5979251530933
5979284863225
5979318195569
5979351527861
5979384860152
5979418192496
5979451524788
5979484857079
5979518189423
5979551521715
5979584854006
5979618186350
5979651518642
5979684850933
5979718183225
5979751515569
5979784847861
5979818180152
5979851512444
5979884844788
5979918177079
5979951509371
5979984841715
5980018174006
5980051506350
5980084838642
5980118170933
5980151503225
5980184835569
5980218167861
5980251500152
5980284832496
5980318164788
5980351497079
5980384829371
5980418161715
5980451494006
5980484826350
5980518158642
5980551490933
5980584823225
5980618155569
5980651487861
5980684820152
5980718152444
5980751484788
5980784817079
5980818149423
5980851481715
5980884814006
5980918146350
5980951478642
5980984810933
5981018143225
5981051475569
5981084807861
5981118140152
5981151472496
5981184804788
5981218137079
5981251469371
5981284801715
5981318134006
5981351466350
5981384798642
5981418130933
5981451463225
5981484795569
5981518127861
5981551460152
5981584792496
5981618124788
5981651457079
5981684789423
5981718121715
5981751454006
5981784786350
5981818118642
5981851450933
5981884783225
5981918115569
5981951447861
5981984780152
5982018112496
5982051444788
5982084777079
5982118109371
5982151441715
5982184774006
5982218106350
5982251438642
5982284770933
5982318103225
5982351435569
5982384767861
5982418100152
5982451432496
5982484764788
5982518097079
5982551429423
5982584761715
5982618094006
5982651426298
5982684758642
5982718090933
5982751423225
5982784755569
5982818087861
5982851420152
5982884752444
5982918084788
5982951417079
5982984749371
5983018081715
5983051414006
5983084746350
5983118078642
5983151410933
5983184743225
5983218075569
5983251407861
5983284740152
5983318072496
5983351404788
5983384737079
5983418069423
5983451401715
5983484734006
5983518066350
5983551398642
5983584730933
5983618063225
5983651395569
5983684727861
5983718060152
5983751392496
5983784724788
5983818057079
5983851389371
5983884721715
5983918054006
5983951386350
5983984718642
5984018050933
5984051383225
5984084715569
5984118047861
5984151380152
5984184712496
5984218044788
5984251377079
5984284709423
5984318041715
5984351374006
5984384706350
5984418038642
5984451370933
5984484703225
5984518035569
5984551367861
5984584700152
5984618032496
5984651364788
5984684697079
5984718029371
5984751361715
5984784694006
5984818026350
5984851358642
5984884690933
5984918023225
5984951355569
5984984687861
5985018020152
5985051352496
5985084684788
5985118017079
5985151349423
5985184681715
5985218014006
5985251346350
5985284678642
5985318010933
5985351343225
5985384675569
5985418007861
5985451340152
5985484672496
5985518004788
5985551337079
5985584669371
5985618001715
5985651334006
5985684666350
5985717998642
5985751330933
5985784663225
5985817995569
5985851327861
5985884660152
5985917992496
5985951324788
5985984657079
5986017989423
5986051321715
5986084654006
5986117986350
5986151318642
5986184650933
5986217983225
5986251315569
5986284647861
5986317980152
5986351312496
5986384644788
5986417977079
5986451309371
5986484641715
5986517974006
5986551306350
5986584638642
5986617970933
5986651303225
5986684635569
5986717967861
5986751300152
5986784632496
5986817964788
5986851297079
5986884629423
5986917961715
5986951294006
5986984626350
5987017958642
5987051290933
5987084623225
5987117955569
5987151287861
5987184620152
5987217952496
5987251284788
5987284617079
5987317949371
5987351281715
5987384614006
5987417946350
5987451278642
5987484610933
5987517943225
5987551275569
5987584607861
5987617940152
5987651272496
5987684604788
5987717937079
5987751269423
5987784601715
5987817934006
5987851266350
5987884598642
5987917930933
5987951263225
5987984595569
5988017927861
5988051260152
5988084592496
5988117924788
5988151257079
5988184589371
5988217921715
5988251254006
5988284586350
5988317918642
5988351250933
5988384583225
5988417915569
5988451247861
5988484580152
5988517912444
5988551244788
5988584577079
5988617909423
5988651241715
5988684574006
5988717906350
5988751238642
5988784570933
5988817903225
5988851235569
5988884567861
5988917900152
5988951232496
5988984564788
5989017897079
5989051229371
5989084561715
5989117894006
5989151226350
5989184558642
5989217890933
5989251223225
5989284555569
5989317887861
5989351220152
5989384552496
5989417884788
5989451217079
5989484549423
5989517881715
5989551214006
5989584546350
5989617878642
5989651210933
5989684543225
5989717875569
5989751207861
5989784540152
5989817872496
5989851204788
5989884537079
5989917869371
5989951201715
5989984534006
5990017866350
5990051198642
5990084530933
5990117863225
5990151195569
5990184527861
5990217860152
5990251192496
5990284524788
5990317857079
5990351189423
5990384521715
5990417854006
5990451186350
5990484518642
5990517850933
5990551183225
5990584515569
5990617847861
5990651180152
5990684512496
5990717844788
5990751177079
5990784509371
5990817841715
5990851174006
5990884506350
5990917838642
5990951170933
5990984503225
5991017835569
5991051167861
5991084500152
5991117832496
5991151164788
5991184497079
5991217829423
5991251161715
5991284494006
5991317826350
5991351158642
5991384490933
5991417823225
5991451155569
5991484487861
5991517820152
5991551152496
5991584484788
5991617817079
5991651149371
5991684481715
5991717814006
5991751146350
5991784478642
5991817810933
5991851143225
5991884475569
5991917807861
5991951140152
5991984472444
5992017804788
5992051137079
5992084469423
5992117801715
5992151134006
5992184466350
5992217798642
5992251130933
5992284463225
5992317795569
5992351127861
5992384460152
5992417792496
5992451124788
5992484457079
5992517789371
5992551121715
5992584454006
5992617786350
5992651118642
5992684450933
5992717783225
5992751115569
5992784447861
5992817780152
5992851112496
5992884444788
5992917777079
5992951109423
5992984441715
5993017774006
5993051106350
5993084438642
5993117770933
5993151103225
5993184435569
5993217767861
5993251100152
5993284432496
5993317764788
5993351097079
5993384429371
5993417761715
5993451094006
5993484426350
5993517758642
5993551090933
5993584423225
5993617755569
5993651087861
5993684420152
5993717752496
5993751084788
5993784417079
5993817749423
5993851081715
5993884414006
5993917746350
5993951078642
5993984410933
5994017743225
5994051075569
5994084407861
5994117740152
5994151072496
5994184404788
5994217737079
5994251069371
5994284401715
5994317734006
5994351066350
5994384398642
5994417730933
5994451063225
5994484395569
5994517727861
5994551060152
5994584392496
5994617724788
5994651057079
5994684389423
5994717721715
5994751054006
5994784386350
5994817718642
5994851050933
5994884383225
5994917715569
5994951047861
5994984380152
5995017712496
5995051044788
5995084377079
5995117709371
5995151041715
5995184374006
5995217706350
5995251038642
5995284370933
5995317703225
5995351035569
5995384367861
5995417700152
5995451032496
5995484364788
5995517697079
5995551029423
5995584361715
5995617694006
5995651026350
5995684358642
5995717690933
5995751023225
5995784355569
5995817687861
5995851020152
5995884352496
5995917684788
5995951017079
5995984349371
5996017681715
5996051014006
5996084346350
5996117678642
5996151010933
5996184343225
5996217675569
5996251007861
5996284340152
5996317672444
5996351004788
5996384337079
5996417669423
5996451001715
5996484334006
5996517666350
5996550998642
5996584330933
5996617663225
5996650995569
5996684327861
5996717660152
5996750992496
5996784324788
5996817657079
5996850989371
5996884321715
5996917654006
5996950986350
5996984318642
5997017650933
5997050983225
5997084315569
5997117647861
5997150980152
5997184312444
5997217644788
5997250977079
5997284309423
5997317641715
5997350974006
5997384306350
5997417638642
5997450970933
5997484303225
5997517635569
5997550967861
5997584300152
5997617632496
5997650964788
5997684297079
5997717629371
5997750961715
5997784294006
5997817626350
5997850958642
5997884290933
5997917623225
5997950955569
5997984287861
5998017620152
5998050952444
5998084284788
5998117617079
5998150949423
5998184281715
5998217614006
5998250946350
5998284278642
5998317610933
5998350943225
5998384275569
5998417607861
5998450940152
5998484272496
5998517604788
5998550937079
5998584269371
5998617601715
5998650934006
5998684266350
5998717598642
5998750930933
5998784263225
5998817595569
5998850927861
5998884260152
5998917592496
5998950924788
5998984257079
5999017589423
5999050921715
5999084254006
5999117586350
5999150918642
5999184250933
5999217583225
5999250915569
5999284247861
5999317580152
5999350912496
5999384244788
5999417577079
5999450909423
5999484241715
5999517574006
5999550906350
5999584238642
5999617570933
5999650903225
5999684235569
5999717567861
5999750900152
5999784232496
5999817564788
5999850897079
5999884229423
5999917561715
5999950894006
5999984226350
6000017558642
6000050890933
6000084223225
6000117555569
6000150887861
6000184220152
6000217552496
6000250884788
6000284217079
6000317549423
6000350881715
6000384214006
6000417546350
6000450878642
6000484210933
6000517543225
6000550875569
6000584207861
6000617540152
6000650872496
6000684204788
6000717537079
6000750869423
6000784201715
6000817534006
6000850866350
6000884198642
6000917530933
6000950863225
6000984195569
6001017527861
6001050860152
6001084192496
6001117524788
6001150857079
6001184189371
6001217521715
6001250854006
6001284186350
6001317518642
6001350850933
6001384183225
6001417515569
6001450847861
6001484180152
6001517512496
6001550844788
6001584177079
6001617509423
6001650841715
6001684174006
6001717506350
6001750838642
6001784170933
6001817503225
6001850835569
6001884167861
6001917500152
6001950832496
6001984164788
6002017497079
6002050829423
6002084161715
6002117494006
6002150826350
6002184158642
6002217490933
6002250823225
6002284155569
6002317487861
6002350820152
6002384152444
6002417484788
6002450817079
6002484149423
6002517481715
6002550814006
6002584146350
6002617478642
6002650810933
6002684143225
6002717475569
6002750807861
6002784140152
6002817472496
6002850804788
6002884137079
6002917469371
6002950801715
6002984134006
6003017466350
6003050798642
6003084130933
6003117463225
6003150795569
6003184127861
6003217460152
6003250792444
6003284124788
6003317457079
6003350789423
6003384121715
6003417454006
6003450786350
6003484118642
6003517450933
6003550783225
6003584115569
6003617447861
6003650780152
6003684112496
6003717444788
6003750777079
6003784109371
6003817441715
6003850774006
6003884106350
6003917438642
6003950770933
6003984103225
6004017435569
6004050767861
6004084100152
6004117432496
6004150764788
6004184097079
6004217429423
6004250761715
6004284094006
6004317426350
6004350758642
6004384090933
6004417423225
6004450755569
6004484087861
6004517420152
6004550752496
6004584084788
6004617417079
6004650749371
6004684081715
6004717414006
6004750746350
6004784078642
6004817410933
6004850743225
6004884075569
6004917407861
6004950740152
6004984072444
6005017404788
6005050737079
6005084069423
6005117401715
6005150734006
6005184066350
6005217398642
6005250730933
6005284063225
6005317395569
6005350727861
6005384060152
6005417392496
6005450724788
6005484057079
6005517389371
6005550721715
6005584054006
6005617386350
6005650718642
6005684050933
6005717383225
6005750715569
6005784047861
6005817380152
6005850712496
6005884044788
6005917377079
6005950709423
6005984041715
6006017374006
6006050706350
6006084038642
6006117370933
6006150703225
6006184035569
6006217367861
6006250700152
6006284032496
6006317364788
6006350697079
6006384029371
6006417361715
6006450694006
6006484026350
6006517358642
6006550690933
6006584023225
6006617355569
6006650687861
6006684020152
6006717352444
6006750684788
6006784017079
6006817349423
6006850681715
6006884014006
6006917346350
6006950678642
6006984010933
6007017343225
6007050675569
6007084007861
6007117340152
6007150672496
6007184004788
6007217337079
6007250669371
6007284001715
6007317334006
6007350666350
6007383998642
6007417330933
6007450663225
6007483995569
6007517327861
6007550660152
6007583992496
6007617324788
6007650657079
6007683989423
6007717321715
6007750654006
6007783986350
6007817318642
6007850650933
6007883983225
6007917315569
6007950647861
6007983980152
6008017312496
6008050644788
6008083977079
6008117309371
6008150641715
6008183974006
6008217306350
6008250638642
6008283970933
6008317303225
6008350635569
6008383967861
6008417300152
6008450632444
6008483964788
6008517297079
6008550629423
6008583961715
6008617294006
6008650626350
6008683958642
6008717290933
6008750623225
6008783955569
6008817287861
6008850620152
6008883952496
6008917284788
6008950617079
6008983949371
6009017281715
6009050614006
6009083946350
6009117278642
6009150610933
6009183943225
6009217275569
6009250607861
6009283940152
6009317272444
6009350604788
6009383937079
6009417269423
6009450601715
6009483934006
6009517266350
6009550598642
6009583930933
6009617263225
6009650595569
6009683927861
6009717260152
6009750592496
6009783924788
6009817257079
6009850589371
6009883921715
6009917254006
6009950586350
6009983918642
6010017250933
6010050583225
6010083915569
6010117247861
6010150580152
6010183912496
6010217244788
6010250577079
6010283909371
6010317241715
6010350574006
6010383906350
6010417238642
6010450570933
6010483903225
6010517235569
6010550567861
6010583900152
6010617232496
6010650564788
6010683897079
6010717229371
6010750561715
6010783894006
6010817226350
6010850558642
6010883890933
6010917223225
6010950555569
6010983887861
6011017220152
6011050552496
6011083884788
6011117217079
6011150549371
6011183881715
6011217214006
6011250546350
6011283878642
6011317210933
6011350543225
6011383875569
6011417207861
6011450540152
6011483872496
6011517204788
6011550537079
6011583869371
6011617201715
6011650534006
6011683866350
6011717198642
6011750530933
6011783863225
6011817195569
6011850527861
6011883860152
6011917192496
6011950524788
6011983857079
6012017189423
6012050521715
6012083854006
6012117186350
6012150518642
6012183850933
6012217183225
6012250515569
6012283847861
6012317180152
6012350512496
6012383844788
6012417177079
6012450509371
6012483841715
6012517174006
6012550506350
6012583838642
6012617170933
6012650503225
6012683835569
6012717167861
6012750500152
6012783832496
6012817164788
6012850497079
6012883829423
6012917161715
6012950494006
6012983826350
6013017158642
6013050490933
6013083823225
6013117155569
6013150487861
6013183820152
6013217152496
6013250484788
6013283817079
6013317149371
6013350481715
6013383814006
6013417146350
6013450478642
6013483810933
6013517143225
6013550475569
6013583807861
6013617140152
6013650472444
6013683804788
6013717137079
6013750469423
6013783801715
6013817134006
6013850466350
6013883798642
6013917130933
6013950463225
6013983795569
6014017127861
6014050460152
6014083792496
6014117124788
6014150457079
6014183789371
6014217121715
6014250454006
6014283786350
6014317118642
6014350450933
6014383783225
6014417115569
6014450447861
6014483780152
6014517112496
6014550444788
6014583777079
6014617109423
6014650441715
6014683774006
6014717106350
6014750438642
6014783770933
6014817103225
6014850435569
6014883767861
6014917100152
6014950432496
6014983764788
6015017097079
6015050429371
6015083761715
6015117094006
6015150426350
6015183758642
6015217090933
6015250423225
6015283755569
6015317087861
6015350420152
6015383752496
6015417084788
6015450417079
6015483749423
6015517081715
6015550414006
6015583746350
6015617078642
6015650410933
6015683743225
6015717075569
6015750407861
6015783740152
6015817072496
6015850404788
6015883737079
6015917069371
6015950401715
6015983734006
6016017066350
6016050398642
6016083730933
6016117063225
6016150395569
6016183727861
6016217060152
6016250392444
6016283724788
6016317057079
6016350389423
6016383721715
6016417054006
6016450386350
6016483718642
6016517050933
6016550383225
6016583715569
6016617047861
6016650380152
6016683712496
6016717044788
6016750377079
6016783709423
6016817041715
6016850374006
6016883706350
6016917038642
6016950370933
6016983703225
6017017035569
6017050367861
6017083700152
6017117032496
6017150364788
6017183697079
6017217029423
6017250361715
6017283694006
6017317026350
6017350358642
6017383690933
6017417023225
6017450355569
6017483687861
6017517020152
6017550352496
6017583684788
6017617017079
6017650349371
6017683681715
6017717014006
6017750346350
6017783678642
6017817010933
6017850343225
6017883675569
6017917007861
6017950340152
6017983672444
6018017004788
6018050337079
6018083669423
6018117001715
6018150334006
6018183666350
6018216998642
6018250330933
6018283663225
6018316995569
6018350327861
6018383660152
6018416992496
6018450324788
6018483657079
6018516989371
6018550321715
6018583654006
6018616986350
6018650318642
6018683650933
6018716983225
6018750315569
6018783647861
6018816980152
6018850312496
6018883644788
6018916977079
6018950309371
6018983641715
6019016974006
6019050306350
6019083638642
6019116970933
6019150303225
6019183635569
6019216967861
6019250300152
6019283632496
6019316964788
6019350297079
6019383629371
6019416961715
6019450294006
6019483626350
6019516958642
6019550290933
6019583623225
6019616955569
6019650287861
6019683620152
6019716952444
6019750284788
6019783617079
6019816949423
6019850281715
6019883614006
6019916946350
6019950278642
6019983610933
6020016943225
6020050275569
6020083607861
6020116940152
6020150272496
6020183604788
6020216937079
6020250269371
6020283601715
6020316934006
6020350266350
6020383598642
6020416930933
6020450263225
6020483595569
6020516927861
6020550260152
6020583592496
6020616924788
6020650257079
6020683589423
6020716921715
6020750254006
6020783586350
6020816918642
